01/01/2014	1249,1381,1440,1659,1789,1922,2226,2237,2351,2542,2610,2709,2727,2943,2974,3681,3797,3942,3956,4260,4942
01/01/2015	1220,1235,1422,1798,2127,2211,2641,2768,2851,3026,3240,3751,4104,4439,4537,4616
01/02/2014	1175,1809,1878,1965,2202,2475,2690,2717,2755,3107,3120,3156,3220,3243,3663,3758,3805,4140,4247,4255,4316,4527,4548,4746,4887
01/02/2015	1206,2051,2271,2383,2384,3064,3086,3510,3520,3682,3754,4147,4933
01/03/2014	1241,1335,1339,1362,1483,1658,1764,1864,2085,2279,2514,2595,2602,2935,3517,3737,3746,4146,4625,4664,4822
01/03/2015	1107,1136,1546,1684,1837,2386,2391,2573,2617,2680,2977,3178,3316,3821,3944,4031,4529,4766,4856,4867
01/04/2014	1052,1169,1852,1948,2361,2733,2847,2965,3028,3141,3284,3398,3621,3848,4310,4465,4830
01/04/2015	1014,1047,1104,1183,1575,1749,1992,2018,2455,2884,2953,3079,3429,3438,3663,3762,3794,4157,4221,4455,4601
01/05/2014	1415,1891,1969,2047,2129,2174,2193,2238,2269,2618,2725,2847,2982,3425,3639,3684,3814,4182,4426,4442,4601,4823,4938,4997
01/05/2015	1536,1783,2144,2274,2305,2500,2507,2552,2655,2874,2985,3043,3044,3077,3154,4059,4075,4324,4335,4608,4636,4695
01/06/2014	1057,1410,1440,1489,1828,2010,2284,2354,2594,2595,2638,3006,3113,3218,3595,3614,3743,3768,3849,4575,4649,4913,4975
01/06/2015	1023,1500,2049,2226,2351,2563,2729,2831,2989,3365,3375,3402,3587,3686,3835,3912,4117,4405,4448,4494
01/07/2014	1049,1113,1320,1364,1522,1747,1825,1922,1947,2026,2236,2369,2411,2573,2588,2898,3376,3444,3850,3966,4171,4308,4367,4551,4722,4818,4969
01/07/2015	1094,1301,1342,1585,1943,2101,2193,2220,2267,2380,2695,2760,2775,3316,3363,4148,4149,4320,4544,4911,4987
01/08/2014	1243,1285,1495,2031,2086,2107,2294,2407,2651,2664,2899,3241,3402,3451,3534,3893,3998,4144,4765,4796,4814,4939
01/08/2015	1306,1900,2004,2222,2398,2427,2462,2532,2715,2814,2888,2996,3255,3599,3914,4170,4294,4691,4825
01/09/2014	1005,1408,1552,1568,1816,1878,1975,2531,2642,2946,3117,3122,3299,3334,3487,3692,4356,4427,4623,4852,4915
01/09/2015	1188,1192,1322,1457,1495,1831,1960,2194,2613,2868,2935,3046,3590,4098,4579,4697,4757,4891,4892,4951
01/10/2014	1625,1847,2676,2850,2937,3106,3303,3347,3879,3929,4651,4720
01/10/2015	1043,1214,1319,1427,1878,1909,1968,3337,3953,4015,4068,4556,4883,4981
01/11/2014	1241,1308,1403,1589,1820,1869,2544,2551,2606,2630,2750,2860,2940,3489,3751,3840,3855,3920,4078,4081,4403,4467,4557,4618,4915,4916
01/11/2015	1514,1850,1893,2194,2276,2280,2684,2689,2761,2781,2986,3038,3165,3629,3877,3890,3966,4218,4231,4316,4515,4742,4811,4818
01/12/2014	1045,1204,1430,1504,1606,1623,1655,1702,2618,2619,2864,2952,3430,3649,3739,3832,3924,4165,4665,4803,4854
01/12/2015	1667,1977,2021,2264,2290,2443,2469,2523,3318,3356,3774,4035,4667,4757
02/01/2014	1066,1248,1265,1365,1528,1814,1870,2020,2043,2311,2472,2480,2828,3130,3178,3259,3538,3641,3692,3977,4014,4364,4408,4450,4666,4847,4860,4907,4933
02/01/2015	1164,1537,2553,2612,2763,2785,2942,2944,3037,3337,3365,3455,3495,3841,3897,4304,4369,4406,4668,4986
02/02/2014	1113,1139,1180,1791,1923,1939,1996,2036,2215,2435,2505,3194,3289,3921,4133,4291,4406,4635,4679,4947
02/02/2015	1329,1930,2356,2656,2747,2800,3287,3322,3437,3493,3557
02/03/2014	1206,1466,1604,1887,1929,1998,2032,2043,2152,2232,2271,2334,2430,2662,2950,3571,3730,3835,3905,3973,4196,4208,4256,4257,4632
02/03/2015	1270,1465,1614,1785,1853,1887,1934,2236,2509,2613,2738,2751,2855,2927,3167,3189,3370,3386,3601,3757,3782,3984,4847,4867,4889
02/04/2014	1004,1074,1160,1427,1450,1480,1554,1651,1772,1859,2038,2201,2242,2443,2597,2602,2935,2964,3273,3462,3469,3763,3795,3971,4231,4500,4739,4791
02/04/2015	1119,1624,1695,1808,2055,2073,2176,2270,2370,2467,3757,4328,4809
02/05/2014	1381,1468,2001,2018,2066,2164,2169,2289,2320,2453,3298,3306,3476,4177,4393,4645
02/05/2015	1360,1597,1628,1631,1672,1790,1945,2022,2257,2691,2964,3049,3119,3122,3176,3414,3623,3691,4019,4105,4107,4153,4217
02/06/2014	1025,1127,1159,1160,1399,1425,1435,1524,2251,2321,2489,3104,3238,3248,3518,3675,3684,3877,4700,4958
02/06/2015	1083,1377,1379,2400,2755,2758,2789,2967,3180,3472,3903,3999,4098,4110,4197,4694,4726,4869,4972
02/07/2014	1001,1216,1343,1410,1617,1811,1899,2168,2718,2834,3101,3146,3577,4058,4684,4762
02/07/2015	1173,1213,1326,1429,1663,1922,2013,2023,2353,2502,2950,3416,3508,3872,3924,4194,4559
02/08/2014	1369,2207,2289,2526,2751,2810,3063,3189,3323,3518,3856,3919,3947,4115,4228,4261,4470,4941,4986
02/08/2015	1477,1750,2503,2602,2854,3297,3413,3752,3800,3809,4109,4270,4299,4459,4699,4776,4994
02/09/2014	1002,1186,1283,1583,1641,1693,1866,1940,2041,2314,2534,2536,2718,2765,2997,3075,3210,3487,3493,3583,3688,3689,4963
02/09/2015	1044,1220,1312,1353,1430,1634,1889,1920,2088,2237,2474,3051,3174,3469,3909,3919,4146,4148,4799,4993
02/10/2014	1533,1628,1634,1969,1998,2045,2139,2504,3099,3894,3926,4601,4736,4788,4868,4893,4975
02/10/2015	1003,1617,1786,1844,1874,1991,2069,2136,2170,2192,2404,2997,3004,3061,3669,3694,3786,3939,3954,4064,4165,4387,4479,4697,4734,4822,5000
02/11/2014	1081,1330,1410,2428,2685,2738,2849,3343,3697,4045,4149,4348,4520,4628,4789,4797,4852
02/11/2015	1168,1174,1281,1472,1486,1627,1845,1863,1969,2128,2811,2859,2928,3140,3200,3322,4239,4267,4498,4707,4752
02/12/2014	1427,1574,1851,2196,2423,2547,3142,3383,3649,3761,3861,4314,4341,4370,4440,4603,4719,4722,4746
02/12/2015	1042,1311,1478,1574,1622,2061,2143,2380,2399,2513,2523,2589,2604,2706,2840,3216,3549,3687,3691,3824,4119,4593,4600,4720,4724,4814
03/01/2014	1171,1253,1529,1899,2065,2459,2480,2538,2910,2963,2991,3197,3227,3294,3313,3698,3761,3831,4249,4280,4335,4382,4440,4520
03/01/2015	1238,1293,1408,1436,1517,1623,1696,1930,2028,2077,2107,2297,2641,2860,2962,3172,3289,3538,4100,4344,4661,4716,4726,4761,4893,4916,4924,4992
03/02/2014	1033,1118,1549,1605,1661,2094,2139,2254,2334,2906,3254,3442,3787,3807,4045,4132,4297,4359,4504,4582,4656,4683,4690,4751,4796,4826
03/02/2015	1245,1277,1390,1598,1696,1776,1924,2172,2340,2440,2632,2653,2736,2761,3185,3296,3614,3656,4294,4362,4550,4843,4936
03/03/2014	1111,1225,1246,1254,1352,1640,2790,2863,2947,3626,3686,3842,3856,4164,4226,4262,4294,4325,4416,4717,4857,4933,4963
03/03/2015	1213,1690,1756,1822,2001,2521,2654,3117,3307,3319,3647,3737,4040,4571
03/04/2014	1031,1147,1297,1416,1574,1657,1822,1852,1931,2337,2525,2732,2803,2868,2921,2971,3185,3203,3589,3661,3784,4130,4236,4752,4956,4968
03/04/2015	1216,1416,1443,1619,2022,2129,2138,3035,3400,3405,3685,3958,4464,4489,4700,4819
03/05/2014	1010,1057,1124,1209,1475,1609,2258,2479,2716,2900,3059,3428,3808,3883,4667,4896
03/05/2015	1067,1152,1293,1431,1524,1612,2540,2787,3113,3361,3529,3540,3621,3682,3748,3862,3911,3915,3961,3969,3974,4088,4753
03/06/2014	1050,1116,1282,1493,2556,2816,2881,3295,3305,3323,3643,3775,3917,4415,4515,4690,4771
03/06/2015	1081,1168,1283,1291,1381,1499,1949,1978,2175,2582,2625,2690,3100,3353,3585,3758,3856,4047,4106,4179,4229,4495
03/07/2014	1444,1721,1937,1990,2166,2936,3279,3326,3464,3498,3760,3942,3967,4050,4143
03/07/2015	1265,1334,1395,1464,1489,1706,2043,2205,2622,2707,3822,3831,4137,4347,4512
03/08/2014	1026,1068,1327,1640,1710,1946,2195,2400,2452,2577,2632,3003,3384,3725,3821,4070,4075,4265,4504,4679,4718
03/08/2015	1237,1286,1500,1538,1748,1892,2141,2200,2404,2420,2542,3308,3310,3449,3450,3783,3931,4238,4286,4302,4611
03/09/2014	1515,1547,1568,1569,2479,2547,3247,4050,4281,4643,4709,4780,5000
03/09/2015	1732,1953,2086,2226,2238,2672,2691,3148,3368,3489,3534,3749,3772,3855,3940,4539,4632,4733
03/10/2014	1025,1191,1690,1911,2252,2443,2492,3302,3429,3508,3789,3863,4319,4839
03/10/2015	1211,1336,1374,1508,1606,1659,1903,2406,2407,2981,3079,3544,3584,3635,4566,4833
03/11/2014	1094,1163,1563,1586,1736,1854,1885,2338,2387,2584,2751,2923,2958,2960,3088,3321,3593,3818,3964,4074,4412,4573,4800,4906
03/11/2015	1252,1584,1622,1718,1765,1850,1994,2103,2200,2284,3050,3398,3495,3656,4024,4620
03/12/2014	1237,1419,1432,1748,1850,1991,2406,2701,2863,3058,3116,3259,3544,3612,3817,4398,4427,4468,4510,4985
03/12/2015	1100,1114,1638,1804,2166,2225,2307,2795,2861,2875,3182,4643,4899,4919
04/01/2014	1165,1500,1545,1616,1883,2092,2138,2185,2428,2477,2535,2641,2760,2809,2925,3007,3077,3133,3284,3382,3765,3830,4157,4204,4726,4745,4758,4799
04/01/2015	1144,1155,1309,1483,1567,1664,1835,2381,2642,2657,2690,2914,3200,3221,3344,3429,3523,3601,3686,3717,3738,3852,3886,3922,3949,4144,4180,4269,4735
04/02/2014	1376,1546,1561,1706,1777,1999,2045,2049,2058,2125,2204,2584,2709,2748,2868,3011,3129,3249,3414,3476,3556,3641,3786,3896,4129,4312,4474,4747
04/02/2015	1038,1041,1356,1674,1708,2186,2732,3478,3759,3841,3856,3881,4243,4462,4760,4935
04/03/2014	1338,1342,1618,1660,1732,1915,2222,2337,2350,2580,2604,2776,2930,3046,3450,3857,3862,3917,3943,3952,3972,4156,4165,4211,4215,4275,4322,4541,4657,4807,4898,4923,4946,4948
04/03/2015	1332,1333,1346,1388,1795,2245,2516,3276,3405,3558,3573,4040,4281,4397,4475,4558,4581,4736,4869
04/04/2014	1424,1507,1724,2299,2683,2772,3042,3069,3203,3499,3536,3715,3812,3872,3905,4047,4169,4206,4283,4402,4570,4830,4868
04/04/2015	1242,1336,1611,1893,2085,2261,2413,2523,2678,3086,3432,3443,3544,3942,4012,4190,4228,4300,4731,4785
04/05/2014	1028,1127,1162,1399,1575,1726,1761,1887,2033,2045,2067,2181,2362,2380,3416,3523,3696,3746,3863,4197,4199
04/05/2015	1872,1962,2061,3264,3294,3605,4114,4130,4302,4510,4558,4571,4742,4780
04/06/2014	1331,1654,1717,1803,1895,1922,1961,2064,2122,2343,2806,3593,3737,3896,4292,4329,4406,4680,4823
04/06/2015	1058,1109,1154,1230,1558,1613,1752,2040,2095,2454,2547,2666,2933,3715,4536,4831
04/07/2014	1233,1478,1553,2455,2519,2524,2654,2747,2904,3248,3408,3467,3757,3768,3892,3903,3966,3972,4076,4206,4637
04/07/2015	1419,1539,1820,2068,2082,2122,2419,2676,2777,3050,3473,3474,3619,3830,3881,3884,4189,4212,4308,4498,4593,4625
04/08/2014	1141,1144,1345,1618,1673,2041,2331,2340,2433,3044,3209,3444,3535,3561,3582,3600,3948,4077,4442,4487,4575,4687,4710
04/08/2015	1067,1514,2193,2207,2321,2454,2579,2625,2702,2745,2918,3313,4102,4303,4330,4495,4596,4652,4729,4807,4952
04/09/2014	1006,1346,1466,1487,1509,1772,2207,2616,3212,3308,4380,4855,4999
04/09/2015	1112,1237,1380,2087,2359,2782,3054,3069,3124,3236,3399,3621,3980,4148,4537,4546,4677,4789
04/10/2014	1010,1045,1070,1474,1782,1839,1844,2040,3087,3258,3435,3948,4025,4215
04/10/2015	1038,1324,1357,1888,2074,2101,2233,2291,2492,2719,2781,2809,2877,3082,3154,3294,4187,4252,4636,4717,4937
04/11/2014	2020,2045,2151,2274,2279,2589,2666,2851,2948,3325,3469,3783,3913,4146,4464,4750
04/11/2015	1204,1275,1567,1595,1627,1665,1949,2256,2261,2580,2613,2688,2731,2738,2900,3092,3402,3509,3898,4020,4127,4145,4326,4348,4440,4727
04/12/2014	1468,1643,1686,1712,1818,1890,1979,2186,2193,2298,2396,2685,3075,3105,3308,3320,3360,3593,3666,3935,3992,4048,4705,4727,4879,4901,4987
04/12/2015	1859,2436,2957,3250,3441,3581,3666,3819,3959,4530,4745,4831,4914
05/01/2014	1004,1147,1473,1544,1897,2040,2051,2470,2565,2674,3864,4456,4567,4574,4609,4628,4721,4747,4879,4943
05/01/2015	1140,1648,1827,2255,2661,2690,3283,3424,3551,3934,4082,4116,4212,4225,4301,4447,4460,4585,4820,4855,4903
05/02/2014	1136,1165,1169,1246,1445,1492,1586,1805,1959,1972,2028,2147,2313,2608,3030,3321,3344,3411,3426,3629,3727,4015,4211,4376,4468,4807
05/02/2015	1001,1467,1536,1800,1827,1929,2055,2117,2315,2353,2571,2681,2754,3122,3130,3168,3289,3311,3586,4202,4280,4314,4326,4524,4594,4789,4841,4868
05/03/2014	1097,1197,1454,1616,2075,2089,2093,2701,2706,2795,2871,2956,3050,3166,3575,3689,4025,4061,4316,4463,4575,4750,4896
05/03/2015	1081,1404,1609,1715,1974,2178,2201,2518,3012,3194,3334,4069,4161,4170,4717
05/04/2014	1258,1282,1354,1372,1548,1692,2161,2166,2287,2888,3268,3385,3523,3918,3972,4187,4221,4668,4786,4900
05/04/2015	1015,1050,1273,1636,1901,2489,3180,3327,3499,3664,3937,4008,4195,4378,4412,4805,4931,4954
05/05/2014	1369,1480,1550,1652,1686,1702,1705,2037,2644,2733,2768,2851,3142,4037,4220,4493,4867
05/05/2015	1171,1339,1668,2352,2476,2494,2707,2743,2808,2993,3066,3182,3196,3588,3737,3860,4065,4134,4176,4441
05/06/2014	1309,2075,2215,2325,2421,2744,2825,3142,3158,3364,3557,3670,3851,3913,3942,4065,4265,4272,4377,4409,4654
05/06/2015	1107,1651,1948,2232,2370,2599,2795,3023,3050,3160,3743,4054,4204,4344,4499
05/07/2014	1111,1381,1446,1460,2094,2306,2381,2453,2541,2699,3165,3213,3324,3855,3932,4082,4115,4697,4779,4806
05/07/2015	1098,1275,1827,2077,2475,2537,2546,2587,2723,3034,3480,3623,3766,3810,4059,4667,4748,4953
05/08/2014	1062,1074,1218,1227,1248,1382,1388,2058,2156,2573,2713,2771,2903,3003,3095,3112,3181,3188,3424,3658,3670,3835,4085,4635,4691,4758,4828,4908,4929
05/08/2015	1346,1692,1938,2047,2231,2293,2597,2659,2703,2884,2909,3198,3204,3214,3574,3575,3976,4048,4225,4321,4351,4362,4387,4403,4501,4688,4975
05/09/2014	1104,1176,1248,1289,1553,1690,1711,1888,1979,2004,2041,2388,2506,2620,2694,2778,2867,2883,3102,3373,3387,3539,3673,3907,4256,4683,4756
05/09/2015	1452,1737,1787,1894,2696,2787,2978,3035,3044,3293,3463,4037,4061,4119,4187,4710
05/10/2014	1128,2396,2811,2835,3353,3386,3479,3655,3820,4056,4272,4431,4579,4634,4783,4899,4951,4958
05/10/2015	1349,1373,1841,1996,2102,2294,2319,2337,3343,3387,3429,3469,3553,3851,3920,4004,4191,4515,4529,4661,4859
05/11/2014	1134,1263,1499,1526,2401,3010,3106,3142,3191,3427,3667,3809,3905,4135,4536,4543,4641,4695,4747
05/11/2015	1236,1371,1438,1551,1562,2184,2282,2364,2492,2650,2814,2934,2981,3245,3346,3591,3715,3786,3811,3835,3904,4065,4170,4173,4194,4264,4525
05/12/2014	1197,1234,1457,1657,1783,2047,2517,2743,2920,3013,3282,3333,3520,3624,3646,3709,3856,4144,4149,4212,4531
05/12/2015	1125,1503,1803,1932,2015,2444,2564,2600,3421,3577,3837,3950,4027,4108,4182,4559,4875
06/01/2014	1590,1863,1879,2093,2259,2379,2881,2949,3111,3963,4221,4694,4872
06/01/2015	1661,2380,2659,2735,2777,2781,2789,3548,3553,3966,4273,4719,4783,4895
06/02/2014	1011,1767,1811,1905,1923,1932,2063,2068,2093,2157,2199,2365,2605,2612,2742,2807,2862,3129,3438,3468,3895,4371,4645,4772,4891,4995
06/02/2015	1028,1281,1474,1911,1972,2086,2404,2426,2587,2976,2997,3423,3526,3543,3579,3648
06/03/2014	1166,1170,1212,1512,1520,1566,1685,1756,1925,1955,2009,2112,2155,2315,2349,3205,3553,3600,4090,4107,4109,4125,4217,4262,4383,4473,4839
06/03/2015	1299,1464,2022,2519,2563,2646,4171,4178,4839,4989
06/04/2014	1136,1379,1755,2395,2414,2546,2609,2612,2671,2751,2754,3329,3511,3783,3881,4257,4391,4502,4693,4888
06/04/2015	1275,1481,1914,1940,2058,2389,2477,3104,3719,3760,4180,4245,4689
06/05/2014	1073,1145,1169,1447,1753,1822,1970,2272,2357,2394,2501,2656,2981,3144,3306,3427,3570,4875
06/05/2015	1561,1566,1881,2194,2242,2331,2426,2954,2955,2978,3032,3175,3347,3484,3613,4064,4122,4596,4840
06/06/2014	1037,1282,1328,1507,1865,1870,1985,2112,2123,2194,2389,2439,2453,2653,2789,2843,2922,2957,3309,3479,3693,4091,4121,4163,4370,4407,4484,4509,4583,4624,4962
06/06/2015	1444,1711,1781,1888,1997,2311,2434,2440,2551,2902,2904,2938,2955,3048,3162,3296,3324,3491,3638,3767,3796,4033,4272,4286,4426,4700,4708,4746
06/07/2014	1022,1063,1276,1304,1615,1654,1674,1754,1779,1830,1853,2014,2183,2272,2589,2955,2962,2965,3090,3141,3280,3295,3359,3479,3714,3832,4364,4859,4984
06/07/2015	1277,1334,1785,2068,2227,2465,2560,3044,3134,3511,3926,4462,4497,4614
06/08/2014	1057,1141,1179,1187,1247,1535,1774,1883,2212,2252,2441,2639,3451,3802,3847,3855,4192,4463,4573,4693,4738,4772,4862
06/08/2015	1073,1120,1327,1629,1734,1874,1962,2316,2374,2440,2448,2550,2718,2852,2936,3062,3072,3357,3587,3972,4395,4500,4526,4747
06/09/2014	1233,1750,1810,1878,1996,2251,2345,2544,2712,2716,3083,3176,3581,3676,3681,3790,3905,4607,4661,4812
06/09/2015	1707,1805,2184,2270,2467,2782,3028,3572,3997,4214,4780,4825,4841
06/10/2014	1004,1259,1275,1472,1582,1870,2019,2069,2267,2489,2536,2736,2814,2898,3026,3122,3224,3415,3549,3844,4232,4234,4339,4707
06/10/2015	1175,1908,2494,3232,3337,3434,3475,3592,3683,3973,4335,4442,4796,4954
06/11/2014	1059,1379,1470,1913,1921,1970,2464,2550,2612,3218,3438,3616,3626,3632,3915,4001,4176,4271,4283,4448,4494,4595,4728
06/11/2015	1120,1146,1190,1395,1551,1789,2119,2365,2620,2635,3262,3491,3548,3599,4358,4875,4924
06/12/2014	1066,1427,1528,1538,1692,1765,1786,1828,1908,2296,2303,3116,3185,3900,4028,4431,4480,4622,4624,4941
06/12/2015	1076,1183,1662,1801,1995,2093,2707,2718,2882,2902,3015,3120,3161,3225,3728,3765,4056,4104,4138,4160,4353,4396,4718
07/01/2014	1004,1317,1456,1770,2035,3189,3232,3498,3762,4082,4251,4270,4306,4594,4721,4870
07/01/2015	1049,1068,1232,1379,1587,1762,1827,2186,2270,2304,2473,2632,2655,3311,3842,4333,4363,4560,4693,4765
07/02/2014	1286,1379,1534,1565,1609,1733,1922,1995,2104,3094,3119,3213,3393,3425,3776,3795,3849,4131,4243,4251,4408,4479,4626,4628,4820,4822,4933
07/02/2015	1013,1239,1409,1931,1939,2069,2218,2263,2740,2891,3169,3283,3352,3559,3793,3935,4006,4154,4644
07/03/2014	1219,1572,2067,2139,2289,2803,3112,3141,3238,3584,3743,3991,4048,4278,4359,4483
07/03/2015	1092,1535,1793,1885,1958,2056,2267,2290,2441,2518,2807,3180,3294,3410,3515,3891,4080,4560,4780,4836,4890
07/04/2014	1188,1189,1798,2000,2294,3041,3484,3712,4061,4886
07/04/2015	1327,1715,1818,2483,2495,2517,2523,2592,2695,2913,3052,3236,3494,3564,3651,3675,3721,3853,4030,4743,4797,4822
07/05/2014	1006,1294,1448,1633,1659,1682,1891,2031,2122,2133,2359,2804,2931,3476,3629,3722,3724,3959,4307,4623,4656,4756,4894,4956
07/05/2015	1128,1218,1292,1370,1412,1515,1742,2100,2467,2747,3060,3251,4275,4293,4524,4765,4864
07/06/2014	1297,1410,1681,1787,1792,1932,1961,2119,2120,2197,2285,2437,2839,3073,3627,3727,3737,3767,3781,4049,4541,4564
07/06/2015	1052,1361,1472,1482,1605,1806,1848,1983,2327,2532,2715,3504,3601,4050,4641,4721
07/07/2014	1041,1138,1478,1547,1609,1930,2043,2120,2559,2571,2697,2742,2753,2829,2832,2863,2984,3082,3139,3206,3678,3718,3811,4123,4232,4310,4338,4373,4486,4688,4743,4837,4871
07/07/2015	1379,1656,1699,1783,1905,2055,2240,2432,3096,3120,3416,3571,3597,3775,3861,3866,3900,4065,4694,4848,4859
07/08/2014	1214,1287,1740,1835,1887,2440,2860,2993,3123,3643,3674,3757,4002,4044,4093,4722,4746,4762,4856
07/08/2015	1426,1450,1582,1754,1777,1993,2029,2357,2362,2449,2511,2906,3195,3260,3262,3468,3509,3711,4028,4038,4207,4564,4623,4726,4932
07/09/2014	1260,1457,1509,1636,1708,1788,2045,2360,2457,2629,3008,3062,3115,3232,3265,3269,3349,3525,4347,4444,4535,4618,4675,4683
07/09/2015	1053,1148,1837,1882,1959,2128,2210,2487,3490,3572,3695,4196,4555
07/10/2014	1004,1274,2576,2781,2901,3005,3157,3176,3282,3300,3400,3526,3531,3657,4022,4160,4214,4392,4440,4769,4845
07/10/2015	1114,1135,1286,1324,1330,1534,1584,1777,1929,2195,2586,2633,2648,3041,3637,3829,3830,3908,4487,4589,4660,4740
07/11/2014	1006,1321,1740,2131,2552,2739,3042,3086,3423,3698,3812,3846,3896,4159,4406,4523,4591,4684
07/11/2015	1028,1777,1851,2133,2990,3085,3542,3609,3756,4170,4362,4958,4976
07/12/2014	1103,1146,1245,1262,1270,1468,1722,1741,1752,2454,2511,2550,2600,2789,2971,2994,3059,3133,3349,3502,3633,3785,3933,4117,4202,4268,4353,4650,4922
07/12/2015	1361,1485,1780,1833,2340,2448,2672,2760,2785,3005,3036,3285,3399,3537,3718,3930,4460,4734
08/01/2014	1291,1417,1759,2399,2834,2933,3172,3322,3524,3628,3694,3722,3841,3882,3911,4130,4375,4376,4933
08/01/2015	1391,1517,1678,1729,1782,1990,2158,2652,3062,3176,3518,3549,3764,3768,3869,4049,4274,4671,4688,4699,4787,4913,4982
08/02/2014	1239,1602,1613,1703,1888,1932,2098,2241,2256,2408,2451,2581,2649,2663,2704,2726,2857,2869,2907,2937,3413,3473,3617,3704,3721,4076,4180,4297,4699,4957
08/02/2015	1256,1618,1714,1865,1992,2091,2171,2275,2504,2728,2760,2903,3156,3291,3401,3583,3829,4234,4453,4478,4572,4655,4945
08/03/2014	1115,1133,1208,1889,2524,2545,2662,2746,2772,3140,3327,3343,3587,3851,3879,4036,4082,4117,4130,4179,4277,4654
08/03/2015	1133,1513,1613,1862,2151,2357,2563,2864,2939,2997,2999,3186,3481,3671,3675,3859,4035,4156,4302,4413,4648,4688,4702
08/04/2014	1171,1176,1491,2012,2015,2299,2519,2695,2832,2872,3082,3237,3670,3846,4013,4069,4133,4220,4297,4316,4426,4972
08/04/2015	1049,1432,1557,1574,1602,1863,1894,1934,1965,2220,2271,2327,2785,3219,3790,4077,4199,4249,4293,4540,4567,4593,4750,4801,4813
08/05/2014	1055,1461,1606,1791,1838,1892,2421,2772,2815,3505,3733,3838,3900,3976,4101,4146,4191,4327,4369,4385,4581,4669
08/05/2015	1098,1113,1367,1374,1884,2133,2300,2346,2855,3222,3459,3484,3587,4576
08/06/2014	1095,1337,1735,1796,2054,2497,2530,2872,3223,3224,3363,3484,3936,4201,4348,4523
08/06/2015	1149,1162,1524,1582,1608,1934,1954,2176,2775,3595,3682,3739,3741,3761,4019,4287,4340,4494,4942,4967
08/07/2014	1058,1173,1287,1979,2271,2449,2481,2645,2823,2956,3013,3015,3237,3386,3604,3761,3928,3956,4066,4114,4291,4741,4851
08/07/2015	1222,1421,1542,1580,1659,1774,1799,1845,1915,2156,2202,2493,2840,3183,3203,3229,3793,3872,4114,4210,4437,4482,4592,4595,4706
08/08/2014	1232,1636,1719,1824,2014,2132,2252,2358,2522,2654,2797,3276,3292,4227,4709,4799
08/08/2015	1191,1200,1593,1613,1746,2176,2415,2760,2862,2903,3207,3646,3691,3709,3818,4042,4456,4499,4643,4776,4828,4970
08/09/2014	1123,1258,1289,1559,1601,1658,2626,2650,2687,2743,2901,3247,3507,3720,3827,3915,4169,4318,4838
08/09/2015	1047,1327,1384,1633,1761,1983,2534,2979,3120,3241,3289,4277,4503
08/10/2014	1153,1289,1309,1654,1738,1774,1944,2035,2089,2198,2741,2784,2788,2803,2955,3084,3317,3480,3518,3537,3569,3636,3867,3918,4069,4692,4802,4804
08/10/2015	1024,1155,1857,2128,2278,2721,2743,2918,3050,3097,3797,4032,4220,4531,4643,4895
08/11/2014	1116,1338,1364,1461,1627,1641,1716,1727,1851,2247,2349,2468,2718,2835,3100,3150,3346,3496,3668,3673,3765,3851,3998,4010,4349,4358,4481,4638,4827,4989
08/11/2015	1551,2108,2129,2173,2270,2379,2452,2527,2680,2683,2952,2964,3206,3568,3812,4117,4136,4506
08/12/2014	1020,1205,1456,2072,2471,2617,2916,2999,3217,3430,3604,3609,3869,4380,4459,4512,4557,4578,4773,4789
08/12/2015	1051,1280,1286,1861,2067,2422,2484,2558,2799,2990,3084,3132,3507,3673,4160,4373,4787
09/01/2014	1284,1374,1587,1827,1832,2515,2528,2591,2666,2675,2765,2927,3142,3219,3382,3407,3475,3846,3863,3957,4104,4201,4277,4342,4432,4523,4559,4938
09/01/2015	1182,2186,3078,3489,3535,3677,4725
09/02/2014	1225,1312,1446,1625,1723,1817,2049,2443,2445,2478,2556,2808,2907,2974,3092,3101,3257,3417,3509,3529,3984,4266,4305,4353,4588,4664,4821
09/02/2015	1054,1138,1723,2421,2512,2696,2799,3039,3259,3309,3552,3570,3591,3615,3973,4255,4519
09/03/2014	1040,1064,1229,1350,1361,1517,1550,2590,2649,2674,2716,2960,3158,3247,3495,3544,3600,3726,3815,4155,4416,4740,4863,4952
09/03/2015	1658,1839,1967,2062,2152,2171,2193,2372,2375,2494,2780,2788,2873,3447,3708,3719,3850,3927,4002,4457,4466,4510,4546,4724,4873
09/04/2014	1014,1114,1171,1176,1300,1390,1737,1751,2025,2185,2652,2681,2826,2870,3004,3099,3453,3527,3657,3822,4087,4104,4277,4290,4432,4561,4667,4715,4952
09/04/2015	1160,1344,1430,1768,1932,2030,2092,2101,2406,2580,2765,3084,3098,3184,3635,3758,3798,3843,4138,4504,4718
09/05/2014	1223,1314,1530,1553,1784,2129,2549,2619,2824,3068,3205,3335,3524,3577,3668,3737,3969,4160,4289,4598,4641,4649,4653
09/05/2015	1049,1061,1693,1737,1862,1870,2272,2888,2951,3734,4361,4364,4825,4891
09/06/2014	1150,1278,1696,1738,2030,2076,2106,2218,2226,2323,2449,2618,2625,2909,3266,3299,3342,3515,3753,3843,3909,3978,4280,4384,4387,4773,4937
09/06/2015	1279,1357,1440,2165,2289,2314,2402,2899,3581,3789,4167,4267,4338,4728,4794,4934,4944
09/07/2014	1101,1218,1244,1312,1747,1801,1810,1878,1979,2014,2059,2152,2371,2633,3082,3200,3487,3528,3589,3653,3749,3793,3797,4181,4357,4413,4547,4712,4790,4838
09/07/2015	1518,1603,1924,1932,2113,2210,2691,3047,3705,3867,4041,4180,4473,4689,4895
09/08/2014	1625,1654,1852,2592,2702,3329,3409,3524,3775,3986,4093,4112,4164,4226,4501,4578,4612,4696
09/08/2015	1035,1094,1220,1303,1356,1361,1836,1988,2019,2348,2364,2369,2426,2446,2753,2810,3483,3497,3709,3759,4289,4386,4741,4761
09/09/2014	1370,1680,1682,1749,1950,2194,3221,3310,3358,3502,3511,3516,3546,3651,4021,4195,4206,4788,4941,4969
09/09/2015	1079,1110,1724,1731,1819,1870,1979,1989,2001,2408,2501,2855,2874,2876,3983,4124,4455,4695,4859
09/10/2014	1129,1190,1407,1596,1682,1736,1789,2041,2042,2262,2308,2989,3184,3232,3316,3578,3689,3998,4155,4355,4649,4898
09/10/2015	1279,1719,1818,1857,2063,2290,2524,2663,2675,2716,2799,2815,3251,3254,3456,3593,3896,4074,4331,4336,4567
09/11/2014	1179,1374,1517,1521,1580,1739,2193,2651,2660,2943,3017,3109,3137,3407,3562,3760,3773,3827,4372,4622,4652,4749,4880
09/11/2015	1358,1846,2051,2636,2712,2741,2983,3594,3886,3915,4189,4262,4275,4681,4697,4784,4789
09/12/2014	1353,1392,1890,1897,1980,2215,2341,2426,2541,3308,3378,3486,3631,3761,3863,4098,4137,4201,4418,4811
09/12/2015	1077,1146,1269,2370,2794,2797,3315,3328,3653,4192,4286,4321,4530
10/01/2014	1018,1442,1548,1664,1694,1738,1910,2138,2232,2243,2453,3119,3462,3617,3687,3709,4060,4234,4300,4501,4749,4797,4900
10/01/2015	1107,1493,2097,2108,2592,2622,2813,2816,2845,3433,3445,3778,3857,3950,4195,4379,4819
10/02/2014	1219,1404,1468,1791,1879,1983,2144,2177,2240,2243,2298,2912,3090,3937,4241,4416,4794,4952
10/02/2015	1013,1473,1761,2260,2800,3042,3644,3981,4567,4688,4708,4740
10/03/2014	1225,1307,1426,1546,1753,1771,2964,3090,3719,3957,4056,4097,4214,4297,4367,4430,4648,4696,4801
10/03/2015	1008,1012,1014,1265,1449,1559,1894,1968,2209,2361,2625,2706,2941,3450,3697,3876,4218,4223,4251,4574,4695,4827,4875,4944
10/04/2014	1157,1235,1247,1260,2511,2589,2692,2750,2781,2836,3158,3217,3246,3556,3697,4522,4613,4925,4962
10/04/2015	1054,1090,1410,1422,1490,1696,2250,2262,2386,2397,2461,3470,3481,3567,3728,3916,3945,4089,4109,4224,4418,4632,4719,4853,4988
10/05/2014	1343,1607,1645,2231,3125,3509,3632,3683,3871,3976,4007,4054,4107,4178,4314,4316,4378,4649,4659
10/05/2015	1009,1016,1595,1994,2383,2650,3042,3589,3613,3764,3883,3959,4375,4410
10/06/2014	1014,1261,1664,1798,1849,2140,2168,2262,2676,2937,3034,3341,3579,3860,3905,4165,4224,4284,4986
10/06/2015	1048,1362,1825,2160,2298,2432,2508,2893,3048,3094,3300,3307,3803,3903,4444,4727,4891
10/07/2014	1077,1079,1269,1294,1320,1780,1840,1967,2017,2229,2366,3028,3181,3266,3397,3602,3618,4138,4302,4389,4541,4650
10/07/2015	1145,1331,1484,1672,1922,2040,2049,2120,2336,2340,2467,2685,2946,3269,3547,3768,3919,4214,4223,4508,4525
10/08/2014	1250,1612,1741,1797,2014,2159,2188,2193,2330,2552,2664,2756,2781,2966,3157,3616,3937,4131,4183,4471,4882
10/08/2015	1116,1245,1625,2164,2252,3153,3339,3640,3716,4172,4289,4589,4648,4686
10/09/2014	1835,1917,2027,2204,2437,2645,2694,2873,2914,3161,3279,3849,3893,3931,3972,4248,4338,4401,4402,4455,4548,4920
10/09/2015	1092,1170,1424,1443,1468,1788,1839,1931,2019,2196,2306,2380,2568,2691,2692,2835,2975,4437,4584
10/10/2014	1050,1333,1473,1599,1966,2067,2082,2235,2237,2372,2638,2706,2801,3256,3521,3967,4028,4404,4735,4740,4959
10/10/2015	1497,1639,1782,2200,2340,2466,2505,2623,2742,2752,2950,3015,3449,3484,3779,4138,4267,4336,4357,4573,4783,4953
10/11/2014	1249,1400,1522,1530,1532,1950,2084,2166,2178,2366,2523,2545,2665,2715,2914,3040,3113,3264,3462,3891,3938,4060,4472,4531,4542,4564,4638,4753
10/11/2015	1375,1676,1775,2009,2034,2185,2190,2780,2790,2816,2918,2920,3066,3322,3505,3543,3671,3848,4017,4323,4338,4413,4670,4828,4965
10/12/2014	1050,1097,1596,1597,1607,1829,1982,1993,2298,2349,2441,3546,3633,3695,3830,3884,4065,4116,4183,4336,4556,4580,4782,4862
10/12/2015	1051,1264,1378,1395,1705,2843,2883,3442,3471,3608,3682,3789,3997,4334,4335,4368,4410,4537,4691,4845,4879
11/01/2014	1130,1148,1167,1169,1209,1235,1307,1868,1889,1981,2391,2428,2499,4066,4510
11/01/2015	1097,1343,1682,1773,1824,2169,2311,2348,2492,2875,3247,3452,3465,3794,4095,4121,4656
11/02/2014	1080,1126,1487,1817,1948,2175,2343,2789,2893,2907,2923,2939,3180,3216,3696,3731,3817,3970,4613,4771,4961
11/02/2015	1330,1365,1623,1726,1772,2314,2514,2693,2832,3621,4073,4151,4494,4811,4975
11/03/2014	1407,1501,1842,1967,2121,2138,2417,2979,2986,3074,3268,3527,3744,3756,4255,4617,4638,4640,4697,4712
11/03/2015	1136,1301,1323,1796,2723,2880,3593,3760,3827,3872,4084,4102,4191,4197,4380,4463,4519,4829
11/04/2014	1489,1655,1995,2079,2878,2915,2928,3596,3603,3897,3952,4132,4348,4437,4553,4556
11/04/2015	1195,1509,1604,2262,2289,2690,2691,2865,2918,2946,3014,3090,3167,3196,3589,3857,3958,4017,4025,4513,4564,4577,4685,4793,4946
11/05/2014	1053,1065,1070,1235,1472,1476,1492,1534,1566,1700,1859,1945,2319,2330,2810,2837,2986,3206,3251,3308,3396,3554,3594,3616,3629,3747,3942,3968,4104,4163,4598,4665,4967,4968,4974
11/05/2015	1883,2416,3061,3255,3408,3504,3574,4230,4302,4672,4864
11/06/2014	1275,2218,2325,2836,3139,3569,3840,3921,4126,4196,4213,4562,4913
11/06/2015	1296,1515,1612,2010,2092,2114,2513,2775,3268,3744,3894,3929,4038,4130,4134,4144,4166,4326,4358,4486,4877
11/07/2014	1062,1118,1144,1256,1616,1734,1922,2048,2055,2160,2244,2578,2713,2772,2855,2897,3118,3437,3539,3649,3683,3783,3857,3909,4445,4453,4606,4704,4723,4916,4971
11/07/2015	1021,1278,1315,1431,1533,2083,2117,2536,2676,2762,2818,2940,3220,3325,3393,3663,4129,4196,4555,4609
11/08/2014	1287,1341,1491,1767,1879,1946,2133,2301,2376,2869,2912,3120,3166,3356,3435,3467,3642,3912,4494,4851,4890
11/08/2015	1289,1410,1661,1866,2055,2063,2534,2643,2648,2855,2926,3035,3161,3352,3486,3766,4319,4398,4512,4588,4702,4753
11/09/2014	1187,1211,1523,1595,2244,2389,2454,2473,3163,3180,3248,3329,3457,3549,3558,4589,4653,4708,4733
11/09/2015	1056,1088,1199,1326,1465,1499,1515,1654,1717,1855,1887,2738,2899,2992,3251,3354,3520,3523,3653,3746,4398,4441,4486,4550,4773,4779
11/10/2014	1028,1495,1929,1998,2154,2278,2408,2440,2511,2547,2730,2932,3082,3174,3324,3485,3775,3799,3898,3941,4012,4015,4080,4129,4191,4198,4443,4645,4715,4756
11/10/2015	1051,1058,1608,1688,2191,2299,2454,2475,2492,2535,2730,2838,3048,3507,3694,3716,3764,3779,3942,4334,4474,4679
11/11/2014	1209,1676,1692,1805,1898,2155,2345,2425,2540,2556,2595,2970,3050,3442,3606,3809,3971,4165,4204,4683,4794
11/11/2015	1604,1606,1663,1819,1823,1921,1950,2267,2368,2422,2548,2555,2598,2646,2818,3014,3380,3534,4158,4180
11/12/2014	1013,1312,2017,2069,2111,2702,3072,3232,3287,3559,3659,3914,4267,4601,4887
11/12/2015	1098,1123,1170,1193,1226,1430,1513,2147,2639,2867,3323,3370,3728,3968,4063,4127,4141,4686
12/01/2014	1369,1743,1813,1964,2239,2242,2560,2668,2766,3031,3493,3837,4020,4426,4453,4614,4753,4814
12/01/2015	1170,1277,1354,1466,1902,2240,2403,2578,2643,2682,2779,3016,3133,3390,4044,4120,4217,4246,4356,4440,4445,4864
12/02/2014	1141,1302,1418,1457,1486,1788,1945,2086,2105,2628,2671,3007,3126,3208,3390,3499,3933,3994,4066,4075,4132,4383,4917
12/02/2015	1004,1332,1601,1886,2217,2496,2834,2861,2956,3260,3355,3634,3756,3855,4202,4430,4486,4584,4643,4666,4725,4837
12/03/2014	1217,1396,1413,1510,1718,1827,2051,2207,2363,2699,2920,3127,3131,3222,3411,3548,3622,3704,3879,3959,4110,4168,4305,4437,4665,4732,4864
12/03/2015	1073,1615,1634,1763,1777,1865,2231,2618,2981,3053,3088,3170,3583,3662,3778,3847,3879,4105,4238,4294,4322,4642,4832
12/04/2014	1134,1327,1815,2102,2133,2274,2880,3154,3275,3459,4432,4510,4645,4739,4837,4846
12/04/2015	1150,1242,1245,1674,1793,2076,2286,2476,2772,2868,2910,3102,3683,4240,4249,4478,4864
12/05/2014	1052,1089,1265,1741,2288,2661,2662,2887,3381,3915,3947,4109,4244,4471,4542,4694,4835
12/05/2015	1524,1580,1636,1710,1720,1788,2386,2391,2524,2555,3061,3348,3419,3645,3683,3950,4292,4308,4335,4535
12/06/2014	1616,1652,1801,1919,2019,2148,2410,2428,2463,2518,2685,2916,3030,3207,3439,3549,3550,3918,4046,4311,4435,4637,4758,4904,4969
12/06/2015	1440,1843,1923,2238,2500,2520,2629,3066,3188,3732,3737,3836,4224,4226,4277,4280,4645
12/07/2014	1361,1435,1623,1870,2111,2758,3389,4152,4166,4190,4330,4376
12/07/2015	1264,1653,2045,2184,2406,2653,2677,2824,3404,4303,4516,4820
12/08/2014	1419,1450,1465,1537,1542,1715,1818,1931,2320,2812,3020,3912,4239,4427,4444,4544,4637,4915
12/08/2015	1153,1420,1616,1679,1723,1946,2006,2167,2327,2338,2659,2969,3076,3178,3245,3262,3339,3744,4291,4589,4592,4842,4903
12/09/2014	1118,1125,1207,1689,1749,1899,2434,2686,2862,3466,3745,3843,3897,4007,4412
12/09/2015	1011,1278,1601,1677,1991,2375,3265,3323,3927,4242,4291,4604,4746,4835
12/10/2014	1019,1053,1086,1092,1142,1361,1378,1399,1557,1680,1741,2318,2591,2632,3103,3116,3120,3183,3208,3379,3707,3721,3749,3793,3823,3876,4673,4715,4741,4756,4955
12/10/2015	1199,2166,2673,2869,3048,3634,4117,4474,4524,4575,4628,4938
12/11/2014	1087,1094,1110,1264,1315,1322,1377,2009,2280,2587,2927,3023,3186,3254,3306,3354,3491,3559,3950,4206,4259,4325,4448,4449,4467,4646
12/11/2015	1518,1884,2348,2574,2602,2918,2925,3205,3409,3517,3571,3724,4060,4068,4120,4258,4320,4400
12/12/2014	1001,1151,1211,1753,1921,2131,2138,2412,2470,2515,2555,2579,2643,2857,2882,2886,2928,3002,3107,3563,4441,4821
12/12/2015	1149,1187,1565,1742,2145,2432,2517,2893,3225,3609,3645,3699,3737,3864,4238,4265
13/01/2014	1051,1443,1483,1779,1821,1956,1961,2148,2383,2927,3482,3539,3789,4002,4065,4067,4355,4681,4836,4860
13/01/2015	1454,1460,1815,2210,2335,2381,2479,3221,3247,3264,3378,3499,3758,3770,4088,4320,4418,4687
13/02/2014	1279,1494,1597,1621,1648,1895,1896,2116,2222,2377,2421,2746,2854,2890,3507,3664,3785,3982,4145,4633,4872
13/02/2015	1866,1955,2585,2597,2763,3257,3574,3611,3946,4073,4461,4672,4888,4922
13/03/2014	1295,1453,1690,1931,1938,2277,2311,2806,3278,3378,3421,3548,3598,3976,4113,4404,4412,4663,4678
13/03/2015	1340,1489,1567,2257,2412,2468,2575,2787,2864,3093,3135,3418,3640,3778,4007,4120,4163,4355,4408,4606,4693,4768,4899,4951
13/04/2014	1102,1204,1280,1310,1445,1752,1836,1949,2018,2037,2070,2139,2234,2252,2308,2545,2593,2969,3038,3079,3190,3515,3614,3659,4285,4309,4364,4471,4533,4566,4669,4741,4927,4941
13/04/2015	1165,1226,1252,1265,1321,1349,1833,2665,3074,3339,3353,3405,3629,3885,4177,4357,4389,4809,4892
13/05/2014	1034,1082,1422,1666,1702,1847,1991,2100,2138,2144,2218,2623,2663,2736,3248,3287,3609,3716,3947,3953,4005,4235,4236,4330,4461
13/05/2015	1118,1194,1380,1477,1509,2464,2549,2700,3104,3818,3953,4102,4197,4323,4843
13/06/2014	1023,1041,1246,1954,2204,2295,2847,2855,2877,2878,2941,3010,3020,3351,3421,3499,3501,3615,3633,4059,4096,4258,4261,4470,4512,4679,4687,4817,4897,4972
13/06/2015	1142,1218,1348,1799,2265,2494,2530,2916,3071,3094,3128,3352,3463,3574,3612,3863,3947,4153,4246,4437,4553,4564,4591
13/07/2014	1181,1466,1525,1526,1618,1644,1740,2144,2149,2183,2562,2794,3094,3137,3150,3353,3396,3416,3499,3544,3570,3675,3727,3735,4594,4786,4809
13/07/2015	1032,1379,1417,1603,1722,1734,1866,2743,3036,3268,3280,3321,3746,4592,4597
13/08/2014	1107,1474,1567,1572,1877,2510,3248,3314,3322,3568,3603,3743,3839,3909,4321,4578,4624,4671,4923,4930,4941
13/08/2015	1099,1144,1233,1439,1534,1581,1656,2106,2471,2543,3002,3141,3365,3458,3562,3615,3674,3684,4017,4113,4129,4366,4392,4552,4605
13/09/2014	1145,1170,1542,1587,1720,1886,2219,2944,3177,3543,3583,3604,3839,3891,4108,4245,4469,4502,4806,4878
13/09/2015	1056,1156,1335,1763,1782,2235,2711,2934,3292,3406,3455,3529,3917,4249,4267,4536,4785,4814,4841,4861,4875
13/10/2014	1004,1052,1087,1110,1142,1423,1431,1510,1722,1810,1998,2076,2225,2235,2331,2389,2524,2593,2751,2807,2837,3138,3151,3327,3573,3842,4934,4938
13/10/2015	1020,1588,1599,1780,2100,3095,3122,3206,3312,3748,4236,4528,4695,4722,4805
13/11/2014	1389,1434,1605,1628,1706,1722,1772,1811,2025,2273,2722,2906,3009,3156,3160,3382,3383,3384,3793,3844,4380,4394,4437,4485,4525,4532,4676,4908
13/11/2015	1065,1283,1608,1743,1844,1916,2057,2326,2389,2784,3812,4034,4178,4288,4382,4582,4831,4836,4968
13/12/2014	1211,1297,1312,1349,1361,1831,2306,2457,2470,2961,2973,3019,3053,3059,3063,3107,3220,3514,3667,3962,4156,4645,4972,4983,4988
13/12/2015	1242,1349,1959,2239,2413,3181,3394,3516,3519,3597,3635,3888,3894
14/01/2014	1065,1311,1608,1859,2076,2294,2384,2463,2541,2545,2564,2919,3160,3246,3291,3344,3361,4086,4143,4206,4321,4362,4550,4858
14/01/2015	1088,1120,1127,1148,1291,1420,1435,1535,1551,1702,1943,2370,2525,3120,3214,3230,3248,3354,3471,4031,4427,4657
14/02/2014	1102,1342,1575,1783,1929,1966,2081,2153,2312,2584,2626,2693,2886,2930,3010,3158,3164,3502,3901,3917,4153,4173,4387,4394
14/02/2015	1394,1656,1847,1873,1923,1940,2017,2033,2102,2186,2344,2403,2633,3029,3090,3460,3525,4112,4304,4616,4901,4937,4941
14/03/2014	1043,1477,1646,1726,2097,2349,2492,2961,3065,3549,3847,3862,4113,4191,4212,4669,4800,4849
14/03/2015	1029,1161,1205,1308,1377,1391,1668,1718,2167,2433,2519,2585,2894,3166,3224,3584,3604,3723,4349,4914
14/04/2014	1234,1269,1794,1929,2178,2293,2403,2447,2843,2901,3081,3086,3153,3915,4338,4539,4826,4849
14/04/2015	1001,1240,2193,2336,2344,2760,2977,3280,3755,3811,4352,4633,4708
14/05/2014	1027,1405,1618,1980,2056,2078,2176,2332,2374,2756,2776,3252,3348,3354,3439,3782,3960,4219,4817,4876,4932
14/05/2015	1009,1076,1080,1479,1527,1550,1699,2073,2190,2324,2470,2865,3154,3310,3337,3396,3636,4563,4637,4828
14/06/2014	1040,1059,1105,1107,1235,1838,1934,1962,1995,1998,2534,3064,3666,3758,3763,3836,3850,3895,4036,4193,4257,4362,4487,4498,4508,4868,4984
14/06/2015	1006,1159,1483,1580,1950,2549,2958,2982,3169,3195,3465,3497,3741,3784,4006,4092,4125,4134,4273,4492,4509,4646,4877
14/07/2014	1143,1413,1440,1852,1991,2166,2230,2848,3364,3732,3800,4035,4094,4097,4302,4361,4415,4466,4557,4671,4983
14/07/2015	1120,1572,1596,2157,2511,2564,2911,2998,3517,3621,3633,4009,4063,4600,4658,4804
14/08/2014	1185,1195,1241,1248,1294,1328,1638,1748,1866,2011,2154,2273,2274,2291,2365,2483,3563,3568,3699,3712,3972,4272,4281,4720,4745,4780,4785
14/08/2015	1087,1540,1631,1706,2428,2480,2504,2706,2825,2833,2836,2895,3009,3010,3353,3844,4072,4254,4299
14/09/2014	1507,1770,2004,2217,2332,2415,2777,2802,2946,3042,3132,3570,3620,3682,3710,4137,4654,4897
14/09/2015	1213,1678,2618,2687,2750,3027,3364,3460,4187,4281,4648,4675,4686,4890,4924,4947
14/10/2014	1017,1109,1256,1402,1417,1504,2038,2337,2569,2698,2736,3027,3109,3237,3499,3551,3555,3660,3669,3879,4008,4019,4112,4268,4477,4527,4817
14/10/2015	1076,1177,1231,1363,1444,1746,1812,1976,2071,2537,2710,2988,3220,3351,3681,3831,3842,4201,4284,4325,4656,4848,4939,4998
14/11/2014	1129,1143,1719,1797,1946,2001,2026,2230,2353,2562,2679,2811,2851,2924,2960,3267,3830,4003,4040,4074,4251,4655,4860
14/11/2015	1207,1678,2019,2051,2582,3001,3120,3202,3235,3360,3390,3442,3468,4078,4097,4232,4322,4864
14/12/2014	1114,1296,1327,1413,1793,1871,1902,1913,2055,2153,2625,2661,2870,2913,3030,3034,3266,3370,3821,3918,4360,4598,4650,4712,4793
14/12/2015	1038,1163,1242,1486,1565,1982,2521,2581,2620,2666,2843,3475,3566,3592,3803,3838,3998,4123,4312,4990
15/01/2014	1052,1139,1169,1351,1574,1591,2160,2347,2355,3554,3782,4243,4762
15/01/2015	1130,1171,1363,1395,2232,2401,3166,3465,3483,4183,4409,4676,4683,4778,4941
15/02/2014	1011,1050,1318,1472,1751,1881,1966,1998,2135,2156,2322,3080,3400,3714,3751,3798,3919,3960,4376,4441,4661
15/02/2015	1703,1734,1746,1776,1866,2331,2416,2583,2630,2757,2874,3252,3259,3393,3445,3684,3911,3957,4477,4728,4749,4858
15/03/2014	1121,1437,1533,1602,1652,1781,1869,1900,2059,2278,2320,2456,2528,3209,3220,3423,3619,4089,4110,4155,4217
15/03/2015	1000,1026,1283,1570,1932,2154,2714,2715,2908,3180,3273,3289,3728,3806,4230,4936,4990
15/04/2014	1018,1169,1411,1457,1527,1594,1766,2298,2324,2519,2597,2861,2941,3008,3398,3565,3642,3667,4085,4146,4162,4597,4840,4875,4914,4990
15/04/2015	1148,1398,1666,1776,1788,2131,2378,2502,3328,3598,3604,3701,3752,3793,3893,4119,4152,4445
15/05/2014	1066,1107,1154,1267,1561,1587,1676,1680,1686,1726,1770,2507,2778,2842,3077,3409,3576,3647,4272,4342,4492,4544,4674,4743,4770,4813,4957
15/05/2015	1052,1206,1403,1479,1485,1542,1737,1927,1959,1998,2077,2110,2156,2245,2257,2312,2816,2885,3270,3452,3484,3957,4591,4606,4634,4862
15/06/2014	1178,1579,1660,1697,2376,2472,2642,2868,2982,3045,3059,3258,3502,3548,4223,4314,4779
15/06/2015	1032,1033,1136,1658,1757,1874,2356,2659,2730,3165,3394,3828,3948,4177,4223,4468,4501,4508,4515,4721,4826
15/07/2014	1013,1083,1136,1240,1333,1407,1736,1738,1870,1881,1897,2029,2448,2854,3225,3763,3855,4042,4174,4245,4952
15/07/2015	1368,1785,1939,2234,2329,2509,2721,2770,2873,3014,3710,3738,4102,4671,4850
15/08/2014	1035,1196,1392,1416,1879,1903,2151,2357,2553,2670,2712,2990,3145,3882,3956,4083,4951,4993
15/08/2015	1085,1437,1590,1646,1728,1792,1796,1928,1936,2016,2084,2188,2337,2597,2676,2846,3056,3497,3508,4030,4255,4463,4483,4507,4657,4738,4790,4810,4960
15/09/2014	1115,1365,1428,1774,2147,2215,2594,2860,3226,3667,4218,4511
15/09/2015	1347,1528,1880,2243,2315,2675,3027,3041,3180,3779,3815,4309,4521
15/10/2014	1003,1942,1978,2538,2906,2907,3039,3420,3666,3835,3945,4024,4414,4534,4623,4773
15/10/2015	1031,1127,1144,1565,1721,1881,1980,1987,2089,2250,2404,2447,3075,3111,3182,3328,3595,3802,3885,4071,4677
15/11/2014	1083,1221,1564,1646,1796,1817,1929,2381,2432,2645,2663,3021,3304,3652,3665,3675,3756,3962,3992,4086,4182,4390,4500,4758
15/11/2015	1110,1178,1508,1764,1930,2437,2443,2539,2700,2848,3022,3416,3462,3511,3999,4014,4107,4367,4742,4825,4871
15/12/2014	1141,1169,1307,1358,1711,1798,1808,2173,2361,2802,2814,3094,3123,3140,3299,3342,3425,3508,3849,4137,4296,4628
15/12/2015	1248,1632,1729,1961,2054,2061,2332,2358,2392,2513,2727,3050,3341,3417,3588,4184,4601,4607,4748
16/01/2014	1054,1194,1476,1961,2118,2237,2332,2520,2716,2738,2851,3221,3222,3566,3697,3848,4646,4803
16/01/2015	1144,1197,1335,1404,1634,1830,2318,2632,3042,3410,3581,3649,3768,3940,4185,4351,4354,4675,4883
16/02/2014	1193,1632,2093,2416,2439,2611,2719,2792,2796,3022,3535,3612,3662,3736,3748,3769,4098,4162,4163,4172,4202,4433,4935,4939
16/02/2015	1167,1920,1968,2540,2991,3089,3380,3385,3462,3655,3666,3774,3788,3891,4261
16/03/2014	1230,1234,1603,2300,2680,2779,3776,4136,4264,4270,4334,4431,4493,4527,4567,4620,4641,4699,4880,4995
16/03/2015	1577,2069,2511,2851,2918,2925,3428,4559,4700
16/04/2014	1097,1823,2011,2057,2127,2402,2593,2643,2866,2893,2987,3035,3100,3122,3123,3189,3248,3262,3403,3617,3644,3671,3903,4081,4187,4515
16/04/2015	1062,1502,1800,2139,2179,2212,2325,2377,2883,3202,3430,3465,3947,3977,4268,4902
16/05/2014	1053,1137,1274,1466,1494,1560,2633,2666,3828,3893,3990,4292,4373
16/05/2015	1017,1092,1094,1403,1477,1510,1649,1869,2079,2272,2616,3380,3462,3463,3578,3620,4012,4313,4456,4563,4679,4717,4790,4883,4999
16/06/2014	1043,1522,1750,1798,1877,1958,2164,2259,2645,2740,2822,2926,3107,3317,3343,3582,3663,3921,4056,4721,4855,4864
16/06/2015	1184,1363,1876,2253,2271,2321,2667,2682,2948,3025,3281,3456,3542,3552,3703,3906,4233,4267,4619,4757
16/07/2014	1332,1769,1855,1947,2271,2484,2990,3038,3057,3266,3327,3423,3758,3785,4345,4671,4685
16/07/2015	1275,2070,2151,2204,2326,2569,2813,2867,2947,3687,4376,4554,4585,4774
16/08/2014	1293,1716,1811,1954,2149,2175,2553,2701,2805,2993,3011,3045,3047,3145,3380,3498,3499,3785,3871,3938,4162,4388,4406,4428,4586,4661,4780,4831
16/08/2015	1782,1839,1971,2045,2070,2113,2187,2298,2902,3095,3144,3234,3328,3402,3424,4392,4616,4782
16/09/2014	1257,1634,1943,2122,2374,2413,2565,2746,3115,3164,3610,3782,3909,4090,4165,4211,4566,4785,4823,4866,4967
16/09/2015	1322,1341,1941,2459,2794,2851,3774,3797,3835,3979,3980,4147,4387,4906,4953
16/10/2014	1237,1358,1585,2288,2827,2864,3188,3248,3427,3523,3743,3888,3965,4616,4660,4760,4792,4847
16/10/2015	1042,1074,1926,2078,2089,2526,2658,3651,4024,4041,4067,4204,4219,4262,4424,4531,4635,4885
16/11/2014	1147,1182,1220,1889,1955,2617,2945,3112,3229,3325,3442,3575,3608,3909,4461,5000
16/11/2015	1181,1412,1450,1916,2525,2548,2705,2813,2961,2977,3107,3141,3145,3693,3999,4260,4431,4629
16/12/2014	1087,1242,1799,1841,1896,1979,2209,2253,2504,2540,2673,2679,2687,3099,3204,3211,3407,3462,3596,3619,3734,3881,3942,4071,4154,4244,4259,4488,4760,4773
16/12/2015	1037,1208,1360,1444,2044,2048,2221,2285,2287,2590,2600,2656,2757,3168,3453,3654,4192,4495,4618,4722
17/01/2014	1013,1316,1360,1613,1698,1743,1798,2134,2340,2431,2746,2855,2905,2980,3054,3595,4182,4250,4303,4392
17/01/2015	1481,2271,2472,2672,2887,3073,3101,3170,3176,3205,3310,3669,3795,4120,4251,4364,4825,4826
17/02/2014	1166,1581,1684,1865,1900,1903,2059,2241,2316,2460,2697,2788,2813,3895,3910,3920,4015,4133,4192,4320,4414,4430,4710,4770,4788
17/02/2015	1275,1409,1850,2226,2394,2436,2485,2708,2741,2851,2883,2960,3054,3139,3567,3783,4503,4647,4946
17/03/2014	1061,1354,2008,2044,2175,2306,2407,2581,2730,2884,3221,3395,3401,3457,3580,3773,4210,4548
17/03/2015	1652,1949,2248,2616,2800,3175,3334,4207,4810,4812,4934
17/04/2014	1186,1280,1435,1510,2042,2309,2341,2445,2517,2788,2907,2927,3102,3236,3263,3550,3588,3592,3730,4244,4265,4293,4342,4372,4524,4782,4799
17/04/2015	1379,1832,1847,2089,2219,2393,2653,2999,3617,4411,4456,4505,4940
17/05/2014	1023,1419,1572,1622,2010,2024,2374,2447,2562,2585,2627,3402,3620,3840,4052,4103,4145,4306,4480,4585,4586
17/05/2015	1027,1126,1154,1499,1629,1670,1701,2038,2381,2560,2755,3245,3309,3406,3543,3750,3776,4613,4682,4787,4849,4971
17/06/2014	1256,1360,1574,1581,1646,1696,1870,2469,2701,2801,3203,3654,3728,3803,4086
17/06/2015	1529,2165,2444,2798,2799,2937,3495,3571,3582,3661,3783,3971,3987,4217,4266,4441,4452,4852
17/07/2014	1077,1549,1595,1750,1814,1935,1980,2255,2420,2522,2801,2807,2954,3181,3263,3477,3559,3708,4229,4313,4335,4514,4597,4613,4906
17/07/2015	2041,2159,2349,2435,2571,2622,2736,2814,2979,3067,3308,3521,3650,3832,4234,4295,4932,4976
17/08/2014	1356,1371,1605,1641,1734,1921,2155,2289,2362,2484,2509,2942,3095,3426,3532,3705,4137,4150,4262,4285,4316,4331,4398,4650,4833,4858
17/08/2015	1176,1304,1501,1503,1731,2448,2632,2654,2693,2805,3061,3296,3338,3389,3579,3600,3746,3801,4079,4556,4633,4836
17/09/2014	1051,1585,1747,1880,2604,2726,2747,2824,2996,3044,3799,3948,4184,4683,4804,4939
17/09/2015	1151,1348,1719,1754,1794,1834,1928,2053,2346,2635,2904,3844,3877,3963,4064,4576,4711,4853
17/10/2014	1561,1687,2264,2524,2608,2696,2823,2950,3066,3123,3171,3256,3293,3365,3625,4086,4435,4533,4635,4695,4962
17/10/2015	1158,1491,1545,1773,1878,1937,2206,2231,2369,2524,2535,2690,2779,2796,2968,3089,3568,3843,4425,4552
17/11/2014	1450,1463,1571,1618,1635,1827,2395,2853,2993,3018,3067,3706,4076,4201,4216,4305,4603,4865
17/11/2015	1086,1264,1697,1832,1924,2042,2216,2506,2580,3319,3512,4018,4142,4385,4607,4662
17/12/2014	1047,1230,1602,1747,2048,2092,2143,2252,2298,2958,3078,3256,3556,3562,3670,3713,4294,4526,4531,4642,4690,4837
17/12/2015	1430,1475,1609,1651,2315,2344,2345,3101,3454,3584,3595,3694,3719,3774,3818,4042,4323,4389,4678,4841,4922
18/01/2014	1162,1275,1462,1682,1797,1816,2091,2353,2390,2391,2413,2816,2850,2909,3348,3349,3516,3732,4233,4505,4814,4978
18/01/2015	1215,1428,1623,1893,2277,2283,2366,2683,2716,2804,3018,3267,3398,3500,3535,3813,4082,4526,4542,4547,4820,4856
18/02/2014	1134,1290,1432,1526,1924,2072,2131,2138,2316,2452,2627,2649,2794,3041,3495,3587,3849,4088,4136,4264,4388,4464,4674,4705,4832,4922
18/02/2015	1153,1217,1389,1626,2019,2313,2360,2499,2600,2625,2857,2995,3009,3130,3693,3772,3985,3993,4172,4202,4277,4361,4441,4999
18/03/2014	1544,1611,1867,1964,2064,2707,3386,3505,3531,3541,3610,3861,4033,4079,4089,4127,4209,4401,4915
18/03/2015	1104,1425,1455,1549,1733,1783,1811,2129,2284,2327,2772,3543,3562,3687,4013,4077,4198,4342,4439,4598,4817
18/04/2014	1033,1084,1129,1173,1239,1332,1937,2602,2764,2796,3005,3038,3071,3159,3193,3272,3480,3942,4574,4663
18/04/2015	1497,1547,1574,1743,1767,1768,1904,1930,2467,2699,2805,2857,2879,3212,3268,3443,4078,4147,4228,4320,4541,4661,4878
18/05/2014	1190,1204,1438,1573,1985,2011,2081,2584,2709,2758,2763,2831,3526,3621,3705,3834,4019,4039,4097,4291,4585,4622,4716,4781
18/05/2015	1242,1312,1330,1379,1807,1846,1998,2240,2485,2534,2574,2663,2847,3058,3104,3363,3518,3604,3938,4417,4426,4522,4624,4752,4937
18/06/2014	1026,1323,1621,2086,2394,2398,2502,2511,2637,3072,3530,3921,4284,4455,4538,4561,4603,4931
18/06/2015	1046,1491,1605,1711,1837,2039,2073,2170,2261,2492,3113,3275,3620,3855,3987,4152,4182,4507,4576,4807
18/07/2014	1099,1327,1449,1598,1653,2014,2332,2699,2835,3081,3115,3311,3369,3882,4032,4106,4304,4394,4474,4554,4862,4954,4974
18/07/2015	1459,1727,2118,2370,2431,2794,2868,3099,3732,3776,3928,4258,4964
18/08/2014	1094,1130,1624,1881,1966,2375,2399,2595,3060,3286,3731,3879,4233,4374,4487,4511,4692,4962
18/08/2015	1319,1604,1685,1913,1919,2324,2366,2624,2711,2713,3055,3165,3363,3528,3808,4165,4257,4275,4292,4593,4693,4696,4704,4928,4949
18/09/2014	1432,1796,1844,2016,2108,2174,2351,2383,2637,3033,3805,4009,4206,4235,4491,4632,4679,4886
18/09/2015	1062,1130,1417,1456,1708,1971,2434,2814,3036,3652,3962,4240,4756,4915
18/10/2014	1354,1428,1490,1685,1715,1728,1761,1887,1949,2001,2005,2305,2394,2688,3137,3177,3421,3989,4126,4174,4235,4546,4656,4959
18/10/2015	1048,1275,1335,1865,1905,2167,2241,2700,2707,2785,2940,3355,3692,3718,3830,4031,4281,4469,4527,4746
18/11/2014	1143,1223,1426,2479,2543,2921,2950,3094,3175,3338,3348,3584,3721,3808,4076,4610,4617,4618,4979
18/11/2015	1282,1340,1940,2115,2410,2545,2625,2704,3046,3455,3489,3495,3848,3862,3886,3986,4598,4694,4947
18/12/2014	1069,1100,1767,1773,2180,2184,2270,2520,2710,2719,3550,3559,3757,3961,4008,4015,4051,4058,4178,4305,4482,4623,4787,4832,4925
18/12/2015	1807,1819,2221,2255,2460,2490,2762,2822,3031,3232,3668,3816,3910,4006,4217,4459,4627
19/01/2014	1003,1438,1561,1569,1755,2137,2244,2322,2432,2446,2573,2615,2806,2893,3025,3293,3396,3474,3512,4292,4299,4579,4924
19/01/2015	1098,1139,1265,1320,1531,1588,1616,1937,2214,2235,2512,3077,3224,3596,4039,4170,4733
19/02/2014	1158,1350,1366,2129,2245,2355,2552,2900,2972,3111,3182,3320,3465,3808,4009,4266,4596,4638
19/02/2015	1132,1342,2017,2072,2745,3002,3470,3913,4388,4407,4831,4835,4971
19/03/2014	1197,1868,1912,2484,2795,2798,2995,3090,3117,3168,3184,3309,3539,4345,4712,4935
19/03/2015	1087,1170,1391,1448,1959,2164,2229,2471,2570,2784,3245,3358,3548,3854,3872,4019,4169,4219,4417,4682
19/04/2014	1620,1729,1829,2486,2490,2560,2561,2578,2620,2689,2760,2838,3009,3013,3281,3321,3437,3811,3878,3946,4084,4121,4187,4315,4748,4988
19/04/2015	1178,1211,1254,1466,1752,2037,2344,2719,2916,3084,3138,3523,3700,3999,4004,4160,4498,4610,4891,4923,4977
19/05/2014	1061,1257,1296,1317,1580,1983,2160,2184,2674,3357,3461,3502,3660,3681,3740,3816,3893,3953,4256,4464,4798,4877,4957,4991,4999
19/05/2015	1230,1319,1663,1768,1793,1861,1905,2142,2275,2408,2568,2636,2744,2796,2986,2996,3028,3112,3331,3433,3528,3727,3999,4008
19/06/2014	1017,1075,1087,1109,1275,1652,1838,1932,2041,2186,2444,2472,2570,2584,2617,2817,2854,3491,3672,3902,3966,4092,4183,4656,4711,4824
19/06/2015	1212,1216,1326,1420,1564,1646,1829,2083,2162,2171,2286,2440,2560,2694,2816,2880,2948,3068,3144,3248,3411,3635,3905,3946,3974,4103,4552,4711,4989
19/07/2014	1020,1098,1286,1320,1588,1741,2830,2925,3863,3874,3931,3957,4155,4312,4325,4475
19/07/2015	1016,1152,1279,1373,1456,1846,1907,2079,2148,2464,2685,2910,2918,2945,3141,3399,3841,3997,4113,4223,4610,4667,4685
19/08/2014	1004,1153,1679,1730,1894,2053,2177,2343,2396,2426,2755,2761,2772,2892,3330,3337,3866,4156,4538,4590,4993
19/08/2015	1025,1669,2394,2488,2561,2766,3266,3308,3395,3488,3588,3868,3987,4381,4572,4686,4704,4960
19/09/2014	1386,1689,1788,2113,2115,2195,2789,2804,3022,3083,3225,3383,3437,4374,4481,4649,4879
19/09/2015	1355,1472,1636,1730,1873,2100,2184,2300,2379,2608,2739,2837,2872,2876,2957,3558,3845,4071,4737,4780,4871
19/10/2014	1263,1268,1429,1483,1912,2258,2557,2656,3029,3250,3375,3483,3692,3745,3866,3935,4391,4422,4433,4443,4448,4700,4842,4960
19/10/2015	1322,1438,1899,2091,2191,2433,2528,3014,3025,3180,3254,3882,3971,4260,4312,4557,4662,4666,4927
19/11/2014	1174,1388,1612,1613,1801,1867,2127,2164,2247,2388,2608,2946,3030,3368,3484,3520,3573,3636,3755,4194,4623
19/11/2015	1012,1075,1125,1230,1385,1566,1628,1770,2020,2042,2127,2758,2885,2924,3284,3315,3937,3946,4068,4489,4751,4804
19/12/2014	1286,1356,1391,1591,1826,1908,2014,2042,2056,2132,2342,2512,2907,2944,3100,3213,3258,3361,3366,3663,3923,3956,4271,4526,4555,4604,4725,4772
19/12/2015	1384,2010,2070,2293,2401,2829,2960,3019,4232,4235,4503,4839
20/01/2014	1036,1069,1196,1650,2011,2051,2106,2127,2325,2602,2663,3378,3410,3639,3656,3695,3890,4329,4406,4671,4685,4698,4944,4991
20/01/2015	1001,1492,1967,2075,2235,2430,2527,2544,2682,2889,3575,3797,3985,4390,4744
20/02/2014	1013,1100,1516,1580,1593,2315,2388,2631,2682,2803,3574,3644,3721,3722,3766,3782,3903,3948,3967,4140,4368,4418,4915
20/02/2015	1411,1528,1621,1889,2226,2425,2438,3082,3119,3147,3204,3397,3692,4015,4365,4497,4759,4996
20/03/2014	1082,1280,1426,1523,1729,1839,1957,2031,2100,2660,2669,2744,3918,3965,4125,4131,4223,4396,4453,4546
20/03/2015	1229,1233,1291,1553,1570,1591,1734,1771,1776,2238,2517,2535,2592,2678,2762,2868,2932,3168,3205,3217,3483,4115,4149,4214,4388,4708,4818
20/04/2014	1087,1259,1309,1573,1585,1681,1754,1907,2510,2746,3106,3184,3288,3441,3866,3881,4096,4821,4950
20/04/2015	1152,1380,1392,1527,1599,1821,1890,2005,2018,2051,2209,2509,2550,3128,3596,3735,4408,4710
20/05/2014	1069,1395,1450,1569,1636,1795,1910,1924,2339,2394,2746,3044,3450,3711,3956,4030,4222,4237,4278,4563,4652,4662,4851,4865
20/05/2015	1225,1231,1365,1936,1983,2601,3258,3409,3469,3504,3718,4445,4908
20/06/2014	1182,1412,1500,1628,1806,1816,1889,1927,2552,2760,2811,2901,3006,3877,4036,4097,4217,4282,4283,4288,4478,4592,4705,4714,4720
20/06/2015	1253,1364,1416,1532,1595,1848,2128,2146,2227,2443,2484,2937,2943,3253,3574,3960,4495,4877,4992
20/07/2014	1617,1619,2036,2065,2499,2641,2948,3389,3507,3517,3584,3603,3684,3685,3805,3957,4264,4287,4554,4608,4853,4909,4911
20/07/2015	1067,1075,1431,1705,2209,2553,3557,3591,3662,3892,3983,4223,4254,4352,4487,4518,4792
20/08/2014	1162,1288,1342,1651,1665,1807,2089,2354,2549,3039,3089,3151,3227,3405,3420,4188,4673,4745,4769,4819,4940
20/08/2015	1069,1218,1296,1467,1486,1620,1683,1997,2568,2709,3048,3167,3419,3752,3762,3926,4222,4227,4229,4466,4808,4977
20/09/2014	1175,1223,1224,1575,1764,1848,1908,1966,2912,2946,2976,3066,3099,3201,3208,3614,3725,4132,4244,4323,4324,4766
20/09/2015	1259,1512,2169,2240,2269,2291,2480,2604,2664,3012,3241,3593,3643,3962,3976,4079,4403,4769,4819
20/10/2014	1139,1458,1742,1833,2050,2065,2098,2836,3251,3467,3548,3613,3739,4122,4298,4488,4548,4703,4705,4872,4959
20/10/2015	2002,2104,2690,3050,3120,3803,4056,4081,4389,4437,4540
20/11/2014	1052,1299,1647,1768,1896,1923,2148,2289,2344,2458,2607,2749,2754,2892,3028,3255,3271,3500,4183,4185,4339,4550,4808,4813,4830,4926,4956
20/11/2015	1110,1111,1160,1234,1306,1456,1477,1655,1731,1814,1892,1979,2271,3184,3208,3244,3663,4932
20/12/2014	1492,1635,1653,1869,2070,2564,2686,2705,2813,2876,3014,3496,3592,4259,4499,4690
20/12/2015	1647,1741,1788,2028,2047,2074,2101,2178,2315,2841,2860,2871,2888,3601,3712,3900,4301,4412,4537,4817,4851,4988
21/01/2014	1661,2120,2246,2258,2261,2482,2573,2779,2806,3010,3219,3315,3320,3344,3350,3403,3468,3596,3680,4216,4364,4400,4490,4504
21/01/2015	1081,1182,1232,1353,1573,1762,1766,1914,2105,2145,2254,2399,2447,2630,2870,3002,3071,3085,3101,3143,3201,3309,3379,3462,3915,3954,3967,4023,4043,4326,4417,4544,4603,4993
21/02/2014	1017,1146,1677,1740,2141,2483,2694,2786,3035,3087,3185,3343,3356,3452,3541,3776,4018,4448,4676,4870,4874
21/02/2015	1038,1482,1608,1677,1703,1905,3329,3358,3390,3870,3963,4783,4876,4920
21/03/2014	1073,1133,1157,1746,2109,2149,2215,2310,2804,2955,3289,3307,3530,3560,3583,3695,3834,4235,4406,4458,4599,4694,4932
21/03/2015	1158,1345,1500,1711,1820,2206,2295,2729,3179,3554,3595,3870,3913,4125,4179,4273,4456,4655
21/04/2014	1033,1064,1202,1341,2014,2255,2356,2411,2653,2825,2871,2935,3016,3465,3615,4121,4180,4338,4682,4917,4922,4933
21/04/2015	1768,1777,1901,2043,2080,2359,2449,2643,2745,3025,3139,3476,3500,3515,3677,3781,3866,4016,4052,4907
21/05/2014	1625,1687,1862,1916,2056,2380,2644,2693,2713,3082,3101,3246,3485,3959,4430,4807
21/05/2015	1261,1452,1554,1697,1710,1715,1821,1888,2066,2594,2624,2657,2844,2940,2972,3297,3690,3915,4319,4533
21/06/2014	1190,1285,1418,1590,1621,1655,2172,2221,3135,3153,3244,3459,3491,3537,3678,3839,4078,4262,4457,4711,4809,4983
21/06/2015	1363,1385,1488,1518,1961,2082,2364,2365,2394,2408,2433,2553,2712,2800,2960,3050,3272,3361,3649,3659,3804,4001,4371,4651,4753
21/07/2014	1217,1363,1393,1526,1620,1646,1661,1723,1892,1983,1994,2024,2068,2102,2244,2625,2775,3227,3306,3560,3759,3810,3811,4013,4194,4525,4699
21/07/2015	1008,1285,1345,1551,1553,1808,1997,2222,2253,2769,2961,3128,3215,3318,3500,3505,3585,3812,3814,4108,4328,4429,4486,4736,4895
21/08/2014	1120,1308,1412,1468,1471,1599,1639,1725,1801,1816,1832,1908,1938,2087,2396,3308,3368,3517,3643,4624,4733,4822,4886
21/08/2015	1160,1208,1391,1422,1510,1668,1690,1753,1817,1968,2001,2004,2046,2064,2256,2390,2428,2856,3013,3752,3898,4182,4220,4257,4351,4431,4439,4526,4704,4852,4866,4940
21/09/2014	1379,1475,1619,1725,1758,1760,2088,2508,2532,2533,2597,2796,2830,2871,3258,3332,3462,3517,3593,3611,3660,3782,3804,3963,3965,4106,4125,4219,4462,4657,4712,4869
21/09/2015	1515,1572,1780,1793,2053,2678,2703,3679,3960,4434,4440,4750,4878
21/10/2014	1419,1765,1933,2029,2083,2464,2973,3127,3285,3426,3428,3786,4094,4201,4207,4299,4955
21/10/2015	1054,1090,1614,1902,2008,2169,2273,2524,2551,2610,2663,2814,3178,3547,3571,3653,3960,4464
21/11/2014	1176,1188,1453,1477,1740,1980,2054,2192,2568,2782,2791,2835,3344,3347,4024,4245,4459,4576,4672,4684,4902
21/11/2015	1199,1259,1380,1480,1825,1979,2286,2410,2421,2694,3190,3484,3599,3737,3741,4003,4220,4355,4727,4798
21/12/2014	1129,1386,1609,1834,2688,2957,3210,3303,3619,3771,3838,3890,4003,4009,4137,4152,4473,4972
21/12/2015	1122,1397,1461,1785,2453,3391,3440,3488,4251,4343,4512
22/01/2014	1697,1714,2241,2328,3084,3104,3119,3435,3713,3764,3950,4036,4094,4234,4362,4659,4812
22/01/2015	1115,1371,1562,1814,2065,2081,2249,2700,2874,2932,3002,3160,3657,3701,3704,3754,3793,3868,3872,4133,4178,4273,4487,4537,4610
22/02/2014	1022,1237,1329,1384,1499,1548,1647,1724,1867,1970,1978,1998,2144,2222,2274,2344,2617,3076,3410,3607,3680,3926,4135,4192,4268,4627,4770,4823,4860
22/02/2015	1651,1873,1878,2087,2328,2575,3333,3369,3719,4205,4303,4430,4720,4760
22/03/2014	1198,1745,1796,2346,2393,2521,2934,3231,3297,3720,4211,4298,4527,4729,4873,4955
22/03/2015	1015,1239,1476,1511,1620,2011,2400,2517,2625,2706,2876,2885,3054,3062,3181,3481,3674,3856,4053,4272,4503
22/04/2014	1380,1735,1905,2121,2236,2310,2320,2673,2760,2868,2917,2952,2984,2991,3003,3288,3899,4112,4126,4389,4584,4596,4624,4659,4967
22/04/2015	1033,1202,1709,1777,2085,2171,2505,2634,2640,2837,3456,3899,4100,4258,4285,4312,4524,4799,4890,4950
22/05/2014	1023,1108,1142,1170,1283,2371,2443,2648,2672,2729,3116,3414,3487,3621,3799,3916,4274,4368
22/05/2015	1042,1105,1241,1493,1630,1875,1993,2201,2229,2363,2617,3034,3082,3296,3302,4076,4115,4124,4453,4705,4723,4835
22/06/2014	1012,1116,1237,1488,1728,1798,1877,1955,2004,2109,2231,2440,2632,2851,2932,3021,3166,3302,3357,3651,3767,3931,3985,4525,4538,4577,4582,4772,4937
22/06/2015	1307,1507,1835,2294,2391,2707,2749,2830,3011,3154,3282,3342,3385,3783,3918,4330,4592,4742
22/07/2014	1107,1262,1268,1347,1542,1629,1768,1783,1893,1895,1942,2264,2454,2567,2811,2840,2956,3082,3095,3203,3226,3618,4272,4294,4498,4893
22/07/2015	1202,1396,1698,1949,2022,2215,2515,2568,2733,2765,3361,3485,3507,3756,4376,4405,4411,4444,4601,4695,4864
22/08/2014	1108,1709,1878,2028,2062,2068,2114,2187,2373,2524,2606,2729,3000,3046,3194,3533,3645,4133,4299,4367,4415,4508,4970
22/08/2015	1416,1912,2419,2581,2798,2816,2925,3096,3252,3433,3710,3742,4243,4424,4570,4680,4719,4769,4875
22/09/2014	1027,1110,1433,1457,1756,1996,2131,2338,2964,3115,3155,3387,3698,4080,4120,4241
22/09/2015	1132,1283,1290,1333,1922,2005,2039,2062,2211,2212,2459,2568,2654,2810,2928,3017,3067,3306,3484,3496,3504,4129,4384
22/10/2014	1482,1493,1630,2033,2146,2191,2325,2390,2404,2515,2667,2929,2939,2982,3104,3194,3235,3358,3495,3786,3814,4308,4384,4387,4510,4671,4854,4943
22/10/2015	1021,1173,1454,1789,1793,1951,1991,2601,2905,3178,3668,4783,4952
22/11/2014	1103,1109,1132,1302,1310,1924,2005,2110,2283,2348,2623,2779,3090,3161,3294,3394,3470,3629,3778,3889,3982,3997,4024,4286,4349,4508,4574,4600,4639,4840
22/11/2015	1197,1482,1670,1711,1834,2394,2421,2499,2599,2650,2688,2818,3483,3546,3760,3891,4376,4467,4502,4734,4781
22/12/2014	1294,1353,1480,1707,1778,1819,2034,2341,2427,2568,3024,3249,3737,3743,3745,4103,4695,4991
22/12/2015	1624,2011,2229,2489,2817,2951,3214,3637,3687,4030,4045,4162
23/01/2014	1005,1065,1336,1445,1465,1820,1895,1908,2341,2688,2727,2801,2808,2967,3090,3139,3255,3268,3529,3678,3900,3960,3967,4365,4391,4464,4660,4679,4680,4925
23/01/2015	1063,1340,1594,1737,1760,1917,2074,2184,2595,2764,3051,3284,3459,3741,3791,3998,4274,4414,4496
23/02/2014	1189,1299,1785,2022,2141,2537,2753,2922,3065,3125,3137,3380,3540,3564,3668,3920,4194,4931
23/02/2015	1228,1383,1421,1493,1512,1540,1697,1842,1921,2811,2861,2941,3037,3054,3145,3242,3276,3393,3609,4360,4377,4434,4583,4614,4667,4844
23/03/2014	1186,1199,1651,1959,1964,2341,2424,2911,2938,3522,3811,3832,4520,4626,4861,4897
23/03/2015	1178,1381,1384,1406,1771,1952,2066,2309,2392,2469,2718,2930,3369,3595,3899,3926,4748
23/04/2014	1653,1770,1786,2301,2673,2724,3107,3148,3287,3521,3903,3938,4021,4080,4084,4100,4109,4484,4582,4599,4819,4820,4825
23/04/2015	1016,1038,1832,2512,2592,2769,3380,3882,4163,4293,4467,4975
23/05/2014	1053,1146,1410,1554,1711,1928,2142,2175,2666,2715,2873,3016,3048,3350,3733,4096,4099,4116,4445,4587,4735,4761,4842,4847,4948
23/05/2015	1018,1035,1305,1329,1339,1572,2149,2543,2990,3100,3242,3356,3402,4721,4992
23/06/2014	1072,1204,1951,2158,2510,2692,3361,3961,4038,4200,4233,4272,4311,4515,4620,4673,4717,4773
23/06/2015	1298,1306,1489,1578,1641,1733,1967,2014,2181,2251,2374,2397,3096,3198,3597,4282,4305,4313,4470,4594,4848
23/07/2014	1553,2038,2080,2348,2364,2369,2398,2540,2641,2794,2835,2898,2909,3110,3159,3225,3384,3514,3639,4016,4137,4259,4376,4853
23/07/2015	1116,1204,1295,1408,1603,1724,1729,1969,2051,2152,2335,2475,2729,2879,3554,3635,3978,3986,4509,4555,4820,4970
23/08/2014	1010,1026,1124,1365,1398,1416,1428,1466,1498,1522,1639,1696,1882,3817,3830,3872,4540
23/08/2015	1032,1678,2000,2063,2196,2433,2458,2613,3699,3797,3897,3911,4150,4213,4303,4428,4453,4499
23/09/2014	1032,1399,1948,1966,2017,2815,2865,3081,3384,3649,3989,4168,4894
23/09/2015	1009,1486,1756,1811,2287,2294,2357,2469,2632,2716,2846,3413,3522,3583,3665,3781,4088,4102,4190,4683,4687,4923,4967
23/10/2014	1061,1181,1506,1679,1746,1836,1856,1862,1966,2193,2589,2645,2646,2711,2873,2956,2993,3581,3757,4129,4329,4495,4953
23/10/2015	1072,1277,1360,1564,1950,2017,2525,2557,3308,3406,3414,3443,3688,3801,3985,4102,4122,4127,4486,4543,4605
23/11/2014	1231,1308,1494,1752,1895,2152,2239,2539,2680,2696,2900,3313,4018,4451,4629
23/11/2015	1264,1276,1296,1583,1952,2003,2007,2082,2362,2756,2847,3175,3189,3872,3955,3967,4217,4452,4706,4942
23/12/2014	1309,1597,1610,1991,2017,2290,2346,2533,2645,2696,3024,3452,3458,3475,3599,3635,3650,3822,3889,4013,4049,4113,4387,4744,4830,4852,4854,4965
23/12/2015	1757,2011,2035,2234,2550,2555,2677,2867,3111,3120,3210,3286,3486,3679,3803,4003,4007,4416,4419,4436,4454,4470,4573,4874,4894
24/01/2014	1009,1278,1384,1566,1781,1822,2132,2461,3289,3353,3369,3530,3608,4066,4479,4589,4759,4815,4852
24/01/2015	1160,1239,1324,1730,2254,2698,3026,3201,3245,3347,3539,3575,3651,3703,4296,4308,4677,4743,4778,4999
24/02/2014	1034,1037,1296,1580,1663,1687,1820,2048,2107,2170,2394,2442,2495,2511,2706,3089,3180,3552,3691,3780,3828,4274,4401,4663,4779,4941,4992
24/02/2015	1135,1138,1340,1458,1484,1566,1757,1843,1982,2058,2681,2984,3642,3747,4216,4224,4536,4540,4629,4666,4793
24/03/2014	1052,1383,1904,2071,2094,2162,2284,2411,2669,3127,3164,3172,3549,3862,3911,4150,4422,4442,4573
24/03/2015	1328,1583,1828,1943,2070,2310,2485,2743,2840,3404,3479,3703,3809,4295,4338,4468,4748
24/04/2014	1028,1085,1190,1269,1479,1544,1904,1935,2141,2147,2195,2217,2233,2504,2937,2990,3022,3186,3207,3325,3790,4117,4426,4492,4494,4515,4946,4991
24/04/2015	1035,1290,1435,1789,1892,1945,2128,2346,2499,3215,3347,3690,4022,4122,4693,4979
24/05/2014	1058,1466,1501,1507,1747,1764,1887,2133,2613,2957,2974,3138,3869,3916,4169,4371,4410,4489,4656,4709
24/05/2015	1117,1211,1305,1394,1414,1571,1811,2092,2114,2525,2613,2632,2777,2946,3143,3255,3557,3579,3586,3738,4529,4958
24/06/2014	1000,1184,1259,1294,1410,1425,1622,1687,2206,2424,2437,2496,2514,2993,3153,3827,3844,4258,4403,4505,4721,4779,4946
24/06/2015	1046,1074,1460,1474,1679,2115,2202,2293,2363,2787,3208,3246,3305,3612,3757,3811,3812,3907,3922,4259,4338
24/07/2014	1094,1248,1677,2229,2230,2277,2761,3012,3186,3342,3482,3589,3867,4698,4774
24/07/2015	1000,1482,1785,1833,1844,2355,2764,3460,3551,3630,3764,3878,3985,4019,4305
24/08/2014	1180,1578,1677,2432,2476,2531,2769,2858,2912,3206,3305,3619,4002,4138,4146,4190,4199,4218,4340,4720
24/08/2015	1185,1208,1458,1480,1514,1872,1999,2549,2570,2969,3137,3324,3691,3698,4109,4293,4353,4495,4523,4526,4747,4778,4798
24/09/2014	1056,1462,1482,1531,1803,1843,2154,2161,2271,2446,2625,2747,2799,2929,2952,3164,3183,3247,3258,3887,3904,3915,3934,4288,4330,4364,4376,4504,4629
24/09/2015	1222,1245,1425,1793,1900,2041,2109,2119,2669,2729,3463,3497,3537,3581,3688,3787,4155,4161,4359,4954
24/10/2014	1040,1111,1201,1282,1815,2616,2758,3396,3517,3526,3668,3816,4119,4130,4303,4391,4872
24/10/2015	1292,1767,1899,1973,2406,2580,2792,2975,3184,3676,4455,4614,4779,4896,4996
24/11/2014	1201,1244,1395,1649,1767,1792,1863,2048,2254,2256,2820,2925,3370,3817,4410,4617,4686,4715,4761,4947
24/11/2015	2056,2106,2164,2436,2481,2542,2547,2694,2849,2899,3152,3460,3497,3580,3680,4169,4332,4393,4793,4806,4938,4951,4996
24/12/2014	1076,1504,1510,1522,1625,1758,2093,2550,2619,2784,2856,3227,3361,3402,3456,3682,3729,4297,4301,4363,4569,4594,4853,4868
24/12/2015	1463,2234,2301,3001,3092,3147,3199,3312,3373,3450,3467,3899,3961,4118,4190,4364,4626,4745,4800
25/01/2014	1129,1169,1237,1277,1483,1699,2148,2232,2259,2607,2718,3149,3613,3905,3945,4042,4110,4324
25/01/2015	1615,1858,1897,1903,1946,2096,2102,2135,2578,2718,3209,3303,3363,3473,3532,3537,3894,4338,4573,4643,4694,4781,4826,4916,4966
25/02/2014	1098,1715,1868,1913,1917,2079,2312,2337,2432,2437,2478,2570,3127,3271,3372,3393,4033,4416,4423,4561,4631
25/02/2015	1027,1355,1544,1776,2111,2295,2476,2764,2870,3204,3225,3432,3474,3543,4091,4395,4417,4420,4741,4843
25/03/2014	1022,1095,1248,1420,1853,2196,2320,2375,2907,2949,2989,3013,3108,3109,3284,3487,3745,4055,4139,4842,4876
25/03/2015	1403,1654,1659,1751,1838,2085,2292,2408,2462,2786,3229,3407,3494,3791,3925,3960,4433
25/04/2014	1114,1274,1466,1508,1574,1598,1719,2137,2307,2648,2671,2930,3028,3157,3181,3437,3782,3828,3835,4041,4160,4444,4445,4736
25/04/2015	1081,1143,1270,1372,1483,1858,2584,2761,3301,3322,3558,3752,3937,4078,4262,4268,4728
25/05/2014	1085,1103,1136,1204,1212,1339,1480,1785,2060,2162,2185,2357,2383,2438,2708,2831,2855,3051,3068,3399,3679,3745,4075,4331,4376,4495,4993
25/05/2015	1055,1150,2736,2799,3176,3599,4353,4364,4384,4433,4787,4851
25/06/2014	1035,1108,1235,1353,1365,1393,1931,2169,2271,2401,2415,2771,2906,3225,3393,3488,3669,4137,4356,4499,4623,4762,4860
25/06/2015	1122,1372,1494,1649,1682,1819,1849,2125,2142,2447,2590,2614,2867,2882,2938,2982,3829,3879,4230,4395,4669
25/07/2014	1087,1668,1814,1896,1926,2261,2272,2276,2594,2705,2885,3359,3361,4106,4121,4227,4322,4783
25/07/2015	1064,1239,1442,1503,1561,2143,2738,3173,3300,3331,3419,3438,3508,3661,3982,3986,4298,4485,4645
25/08/2014	1279,1383,1443,1793,1905,2209,2213,2301,2925,2979,3531,3701,3717,3801,3846,3876,3898,3974,4147,4381,4571,4980
25/08/2015	1158,1216,1248,1395,1613,1948,2018,2507,2574,3439,3474,4106,4369,4644,4662,4667,4796
25/09/2014	1122,1938,2011,2104,2218,2294,2406,2817,2984,3033,3140,3315,3787,3844,3939,4164,4176,4449,4766
25/09/2015	1097,1699,1882,1910,2210,2265,2592,3082,3151,3679,3822,4235,4288,4303,4336,4432,4640,4741
25/10/2014	1208,1525,1628,1803,2142,2228,2579,2597,2861,2975,3148,3193,3226,3248,3487,3680,3976,4250,4314,4338,4500,4941
25/10/2015	1044,1366,1510,1921,2191,2229,2235,2363,2413,2577,2870,3266,3281,3365,3426,3907,4186,4332,4584,4698,4776
25/11/2014	1190,1244,2273,2279,2288,2755,3560,3752,3800,4006,4124,4272,4479,4492,4668,4793,4897
25/11/2015	1000,1045,1452,1635,2168,2314,2486,2654,2952,2978,3031,3186,3563,3637,4236,4277,4608,4905,4910
25/12/2014	1065,1101,1410,1506,1612,1659,1991,2218,2576,3122,3246,3338,3484,3521,3761,3813,4077,4124,4178,4194,4216,4252,4254,4407,4614
25/12/2015	1118,1313,1337,1730,1885,2548,2825,3053,3133,3209,3321,3581,3981,4303,4340,4656
26/01/2014	1032,1062,1161,1404,1595,1645,1672,1917,2178,2355,2475,4453,4658,4721
26/01/2015	1174,1449,1584,1804,2120,2321,2577,2604,2606,3072,3228,3236,3389,3412,3430,3640,3732,3963,4155,4171,4340,4886
26/02/2014	1087,1422,1423,1514,1684,1702,1753,1761,1829,1910,2027,2306,2451,2517,2732,2743,2957,3081,3103,3215,3226,3294,3403,3529,3777,3821,3979,4299,4738,4910,4981
26/02/2015	1133,1225,1351,1438,1520,1611,1711,1753,1758,2031,2267,2349,2561,2610,3139,3175,3635,3718,3736,4090,4348,4634,4665,4822,4916
26/03/2014	1013,1446,1578,2291,2339,2399,2774,3140,3168,3493,3496,3537,3864,4183,4290,4330,4636,4850
26/03/2015	1133,1225,1276,1316,1324,1382,1494,2312,2480,2583,2601,3045,3071,3327,3336,3847,4228,4323,4391,4501,4510,4550,4776,4778,4881,4929
26/04/2014	1002,1128,1286,1496,1856,2555,2611,2778,2897,3674,3989,4073,4343,4488,4578,4862
26/04/2015	1002,1114,1186,2629,2882,2890,2920,2962,3288,3375,3429,3451,3523,4235,4306,4315,4327,4459,4524,4633,4778,4984
26/05/2014	1235,1456,1497,2063,2269,2522,2545,2581,2629,2666,2758,2784,2924,3081,3115,3338,3561,3646,3764,3793,4154,4178,4494,4562
26/05/2015	1325,1610,1649,1683,1768,1784,1883,2307,2879,3298,3532,3638,3726,3938,3986,4036,4288,4664,4969
26/06/2014	1284,1333,1410,1427,1535,1658,1889,1983,1990,2157,2358,2440,2621,2720,2837,3094,3139,3251,3253,3356,3491,3563,3832,3852,3854,4071,4148,4228,4280
26/06/2015	1140,1395,1407,1465,1698,2413,2427,2645,3461,3707,3995,4473
26/07/2014	1174,1229,1298,1305,1317,1440,1608,1692,1717,1740,1761,1797,1860,1937,2360,2419,2447,2722,3005,3129,3194,3730,3820,3925,4042,4154,4658
26/07/2015	1497,1660,1854,1908,2060,2294,3135,3330,3622,3790,4035,4103,4166,4387,4808,4898
26/08/2014	1094,1209,1393,1731,1748,2029,2079,2293,2390,2400,2488,3137,3190,3489,3529,3573,3662,4091,4379,4455,4464,4652,4814,4828,4944
26/08/2015	1031,1302,1315,1476,2426,2454,2609,2771,3511,3526,3685,3745,3864,4044,4087,4150,4296,4524,4602,4924,4952
26/09/2014	1071,1086,1107,1255,1268,1327,1465,1500,1855,1940,2359,2393,2426,3443,3448,3643,3742,3927,4353,4420,4586,4683,4695,4730,4925,4931
26/09/2015	1120,1137,1200,1318,1759,1784,1975,2044,2134,2712,2941,2996,3273,3658,3761,3928,4719
26/10/2014	1426,1731,2006,2028,2311,2574,2803,2846,2853,2860,2973,3052,3153,3194,3233,3282,3719,3931,3956,4105,4341,4517,4529
26/10/2015	1153,1293,1856,1997,2273,2586,3084,3275,3438,3491,3518,3709,3807,3890,4197,4292,4295,4319,4337,4875,4909
26/11/2014	1097,1612,1654,1774,1778,2044,2193,2342,2496,2555,2845,2966,2977,3005,3095,3279,3450,3474,3560,4046,4302,4351,4666,4730,4804
26/11/2015	1040,1251,1385,1427,1526,1540,1985,2215,2560,2578,2672,3207,3600,3724,3794,4139,4503
26/12/2014	1051,1152,1421,1478,1521,1587,1987,2013,2056,2175,2187,2553,2737,2885,3034,3113,3402,3531,3862,3864,3946,4037,4134,4540,4659,4771,4883,4923
26/12/2015	1726,2463,2652,2736,2834,2922,2974,3251,3289,4137,4158,4455,4524,4985,4999
27/01/2014	1662,2389,2515,2725,2941,3009,3284,3465,3486,3552,3717,3825,3899,4121,4279,4314,4435,4458,4485,4494,4561,4797
27/01/2015	1143,1230,1231,1401,1451,2100,2347,2599,2745,2749,2767,2840,2897,2958,2971,3354,3657,3803,3923,4099,4361,4415,4656,4783,4807,4827,4918
27/02/2014	1003,1194,1200,1379,1385,1473,1620,1733,1751,1837,1947,2120,2325,2479,2506,2550,2850,2859,3067,3107,3137,3264,3367,4763,4791
27/02/2015	1648,1934,2104,2234,2251,2361,2799,3160,3420,3590,3769,3922,3975,4221,4249,4310,4523,4831,4933
27/03/2014	1128,1434,1522,1921,2231,2352,2490,2924,2975,2991,3267,3334,3524,3732,3850,3934,4114,4164,4317,4318,4339,4601,4735
27/03/2015	1012,1347,1555,2487,2703,2850,2920,3118,3214,3436,3748,3858,3934,4015,4292,4864
27/04/2014	1563,1682,1844,2070,2126,2133,2242,2381,2745,2802,2908,2958,3439,3778,3779,3826,3908,4337,4833,4958
27/04/2015	1197,2165,2255,2980,3144,3450,3458,3701,3735,4025,4112,4113,4336,4608,4834,4873
27/05/2014	1018,1825,2029,2493,2543,2617,2766,2917,2918,2963,2967,3083,3116,3312,3560,3569,3582,3982,4014,4370,4394,4522
27/05/2015	1000,1449,1641,1885,1890,2572,2702,2840,2961,3054,3415,3593,3822,3877,3959,4074,4153,4222,4406,4619,4669,4812
27/06/2014	1236,1465,1575,1595,1650,1815,2257,2795,2798,2879,3011,3146,3264,3458,3877,3936,4040,4340,4528,4572,4686,4713,4893,4929
27/06/2015	1102,1245,1483,1744,1848,1932,2203,2260,2391,2601,2645,2978,3018,3296,3495,3564,3763,3815,3844,4397,4563,4662,4700
27/07/2014	1086,1272,1596,1694,1748,1951,2332,2370,2396,3063,3422,3630,3716,3952,4124,4153,4196,4217,4464,4502,4987
27/07/2015	1092,1118,1298,1505,2466,2538,2671,2759,3058,3501,3730,3973,4070,4104,4133,4153,4453,4566,4569,4929
27/08/2014	1010,1266,1417,1589,2036,2074,2142,2590,2689,2731,2737,2978,3539,4108,4558,4787,4840,4855,4877,4899
27/08/2015	1125,1484,1632,1722,1780,2131,2134,2212,3020,3041,3140,3246,3374,3507,3593,3673,4338,4389,4554,4611,4680,4685
27/09/2014	1116,1185,1245,1303,2165,2176,2180,2621,3247,3289,3779,3841,4018,4078,4360,4526,4651,4666
27/09/2015	1098,1148,1539,1799,1864,2204,2420,2631,3090,3560,3612,3772,4108,4764
27/10/2014	1190,1285,1554,1725,1793,1809,1862,2164,2165,2287,2315,2362,2406,2559,2723,2762,2960,3084,3089,3200,3413,3540,3586,3602,3708,3779,3902,4029,4234,4340,4342,4369,4420,4800,4951,4969
27/10/2015	1052,1065,1104,1190,1231,1430,1452,1505,1967,2281,2421,2431,2460,3031,3694,3775,3958,4297,4321,4537,4692,4794,4806
27/11/2014	1240,1333,1343,1540,1583,1778,1827,2236,2357,2436,2518,2561,2726,2921,2980,3418,3517,3878,3996,4062,4101,4206,4226,4505,4910
27/11/2015	1196,1259,1625,1742,1823,1843,1878,2063,2107,2273,2633,2957,3067,3165,3201,3239,3447,3467,3608,3661,3679,3736,3773,4484,4574,4624,4827
27/12/2014	1192,1353,1653,2323,2549,2555,2758,3009,3087,3315,3561,3804,3854,4397,4657,4729,4864,4892
27/12/2015	1155,1324,1693,1763,2061,2433,2465,2506,2508,2779,3006,3042,3271,3438,3641,4039,4190,4222,4755,4804,4997
28/01/2014	1038,1159,1344,1454,1493,1817,2065,2336,2339,2430,2440,2466,2715,2835,2873,3057,3447,3769,3830,4300,4317,4434,4563,4670,4947,4963
28/01/2015	1144,1287,1295,1516,2001,2165,2244,2245,2517,2600,2789,2912,2975,3284,3298,3467,3519,3846,3973,3982,4051,4345,4713,4826,4986
28/02/2014	1442,1574,1644,2401,2431,2601,2983,3033,3046,3705,3827,3848,4018,4129,4202,4316,4579,4618,4741,4979
28/02/2015	1355,1405,1422,1514,1545,2046,2202,2273,2348,3072,3299,3472,3508,3535,3750,3910,4471,4681,4877,4985
28/03/2014	1013,1146,1153,1162,1385,1561,1824,1908,1939,2022,2339,2908,2910,2986,3439,3808,3816,4293,4462,4592,4621,4745,4762,4835
28/03/2015	1093,1355,1475,1523,2083,2117,3148,3190,3304,3471,3590,3872,3998,4861
28/04/2014	1034,1207,1215,1279,1373,1551,1776,2047,2077,2787,2838,2847,2950,3136,3804,4213,4252
28/04/2015	1276,1542,1643,1855,2225,2300,2757,2947,3153,3166,3298,3427,3614,3659,3794,3929,4018,4191,4216,4334,4788,4852
28/05/2014	1218,1428,1509,1594,1750,1930,1971,2329,2349,2408,2439,2508,2548,2849,2954,3366,4070,4230,4512,4594,4650,4809,4836,4973
28/05/2015	1026,1498,1634,1845,1846,1859,2019,2202,2230,2376,2578,2663,2830,3672,3720,3962,4432,4460,4573,4605
28/06/2014	1015,1175,1384,1566,1814,2034,2160,2196,2549,2577,2603,2774,3923,3973,4190,4246,4335,4799,4911,4915
28/06/2015	1023,1231,1370,1692,2050,2070,2682,3054,3094,3119,3237,3252,3307,3361,3365,3385,3476,3663,3819,4184,4240,4257,4428,4937
28/07/2014	1103,1281,1442,1759,1760,2314,2633,2659,2792,2802,3221,3244,3617,3657,3660,3727,3830,3872,4485,4569,4588,4636,4788
28/07/2015	1096,1357,1409,1583,1651,1705,2032,2171,2188,2495,2910,3023,3295,3812,3840,3878,4296,4313,4437,4548,4551,4857,4881,4943
28/08/2014	1078,1233,1252,1451,1469,1501,1511,1621,1722,1737,1935,1969,2298,2388,2441,2661,2812,2849,2857,3277,3282,3329,3511,3663,3684,4011,4017,4167,4318,4337,4397,4398,4534,4637,4723,4764,4832,4931,4991
28/08/2015	1276,1287,1646,1729,1889,1992,2007,2106,2233,2359,2370,2453,2466,2556,3545,3806,3922,3955,4002,4019,4207,4845,4883
28/09/2014	1136,1185,1288,1384,1404,1508,1642,2097,2424,2451,2512,2585,2600,2658,2713,2904,3182,3622,4084,4148,4153,4261,4367,4719
28/09/2015	1195,1463,1654,1744,1832,2140,2202,2305,2460,2565,2590,2741,2969,3017,3306,3401,3704,3755,4509,4525,4585,4809
28/10/2014	1303,1519,1773,2038,2205,3189,3221,3397,3728,4167,4435,4526,4596,4784,4820,4828,4846,4960
28/10/2015	1078,1498,1779,2109,2212,2483,2774,3063,3309,3483,3592,3790,4187,4240,4523,4744,4763,4835
28/11/2014	1434,1592,1824,1914,2065,2390,2960,3102,3538,3657,3762,3776,3914,4084,4303,4336,4594,4628,4689,4933
28/11/2015	1339,1438,1488,1515,2072,2188,2331,2340,2403,2649,2678,2699,2728,3039,3547,3735,4097,4110,4134,4352,4392,4442,4538,4821
28/12/2014	1101,1123,1340,1415,1584,1731,1840,2331,3032,3065,3138,3201,3246,3561,3753,4646
28/12/2015	1086,1406,1708,1997,2222,2295,2447,2588,2764,2879,2884,3063,3209,3235,3622,4091,4159,4306,4719
29/01/2014	1074,1329,1527,1856,1941,1970,2030,2302,2540,2557,3045,4140,4334,4349,4564,4779
29/01/2015	1075,1116,1492,1872,2544,2648,2810,3486,4073,4175,4205,4224,4321,4368,4942
29/03/2014	1325,1340,1355,1479,1676,1865,2070,2534,2644,3083,3170,3590,3831,4341,4371,4693,4775,4932
29/03/2015	1113,1303,1329,1452,1476,1790,1867,2012,2244,2251,2669,3358,3402,3818,4092,4131,4516,4699,4756,4938,4962
29/04/2014	1389,1512,1657,1864,1946,2181,2629,2996,3027,3175,3458,3749,3975,4028,4067,4404
29/04/2015	1126,1135,1331,1407,1654,2415,2565,2589,2600,2670,2745,2869,3255,3763,4240,4314,4375
29/05/2014	1169,1285,1359,1513,1529,1602,1632,1653,1798,2086,2615,2727,2789,3098,3110,3193,3204,3297,3435,3584,3657,3731,3922,4030,4159,4211,4261,4319,4577,4764
29/05/2015	1235,1303,1366,1401,1599,1632,1697,1732,1926,2167,2249,2746,2985,3077,3232,3290,3471,3513,4105,4152,4531
29/06/2014	1041,2087,2177,2778,2839,3529,3731,4068,4269,4543,4630,4866
29/06/2015	1183,1311,1851,2261,2307,2429,2431,2496,2990,3109,3206,3221,3317,3364,3429,4027,4096,4511,4796,4852,4939
29/07/2014	1198,1202,1649,1831,2072,2132,2570,2832,2915,2962,3242,3374,3549,3841,3938,3957,4209,4487,4616,4831
29/07/2015	1407,1474,1874,1875,1917,2110,2234,2265,2446,2792,2842,3141,3312,3677,3689,4291,4694
29/08/2014	1099,1150,1307,1366,1661,1866,2457,2770,3011,3377,3480,3759,4034,4297,4584,4692
29/08/2015	1256,1602,1736,2116,2246,3132,3513,3531,3622,3686,4034,4056,4328,4744
29/09/2014	1052,1077,1231,2225,2291,2402,2475,2631,2703,2946,4077,4197,4255,4319,4685,4763
29/09/2015	1265,1302,1382,1494,1764,1918,2095,2151,2435,2510,2517,2794,3044,3202,3527,3545,3560,3657,3982,4085,4095,4326,4531,4745,4766
29/10/2014	1498,1761,1908,1987,1995,2028,2233,2445,2587,2800,3021,3026,3115,3246,3252,3348,3474,3552,3864,4324,4544,4615
29/10/2015	1136,1619,2157,2829,2926,3410,3924,4416,4493,4499,4572,4579,4867,4988
29/11/2014	1225,1376,1578,1808,2033,2276,2365,2450,3137,3278,3346,3545,3582,3639,4266,4308,4434,4469,4493,4508,4751
29/11/2015	1116,1182,1331,1354,1366,1649,1665,1846,1901,2211,2326,3035,3051,3325,3354,3384,3449,3503,3729,3732,3902,4437,4509,4532,4580,4628,4641,4914
29/12/2014	1174,1246,1504,1591,2066,2183,2355,2381,2535,2611,3163,3324,3817,4046,4193,4243,4465,4800,4963
29/12/2015	1165,1218,1220,1358,1444,2309,2448,2563,2825,2836,3118,3306,3363,3369,3633,4010,4037,4095,4199,4285,4352,4645
30/01/2014	1146,1268,1301,1391,1424,1488,1522,1566,2132,2199,2254,2578,2758,2909,3115,3221,3309,3767,3815,3964,4073,4242,4372,4434,4513,4832,4884
30/01/2015	1918,2267,2386,2513,2989,3021,3079,3195,3603,3904,4101,4550,4647
30/03/2014	1757,1849,1988,2663,2764,2990,3026,3201,3267,3283,3297,3348,3718,4024,4169,4243,4461,4615,4646,4735,4887
30/03/2015	1164,1176,1442,1617,1685,1959,2500,2734,3761,4001,4094,4110,4242,4449,4606,4919
30/04/2014	1053,1163,1205,1325,1444,1520,1810,1999,2562,2701,2875,2991,2994,3511,3703,3784,3812,4039,4193,4391,4401,4403,4785,4799
30/04/2015	1304,1323,1332,1566,1923,1945,2073,2159,2601,2689,2724,3088,3164,3326,3327,3445,3472,3677,3704,3855,3878,4002,4042,4101,4166,4588,4612,4701
30/05/2014	1021,1050,1110,1125,1632,1690,1693,1842,1908,1922,2111,2120,2146,2201,2219,2350,2612,2773,2831,2832,2857,3481,3649,3917,3996,4165,4297,4363,4606,4622,4661,4860,4901,4902,4917
30/05/2015	1283,1366,2228,2229,2343,2441,2519,2719,3590,3664,3717,3967,4163,4260,4548,4671
30/06/2014	1418,1674,1754,1935,2758,2849,2943,3263,3389,3447,3464,3476,3508,3768,4044,4091,4290,4683,4842,4870
30/06/2015	1175,1376,1649,1670,1864,2184,2311,2569,2919,3276,3926,4215,4455,4588,4959
30/07/2014	1215,1536,1562,1753,1895,2160,2293,2303,2612,3180,3435,3482,3772,3792,4045,4085,4354,4412,4416,4509,4933,4972
30/07/2015	1108,1264,2091,2208,2476,2599,3132,3256,3465,3519,3600,3911,3929,4372,4450,4548,4795
30/08/2014	1077,1421,1712,1782,1800,1964,2266,2605,2786,2996,3222,3277,3360,4086,4217,4224,4950
30/08/2015	1002,1815,2008,2013,2371,2394,2435,2530,2747,2805,3031,3128,3364,3410,3679,3698,4193,4566,4714
30/09/2014	1102,1182,1602,1736,1793,1827,1854,1877,2164,2271,2477,2729,2787,3049,3122,3356,3465,3672,3750,4134,4190,4867,4937
30/09/2015	1016,1017,1269,1603,1892,1943,2071,2193,2266,2270,2727,2816,3117,3164,3211,3345,3556,3827,3859,3915,4092,4274,4293,4301,4381,4632,4906
30/10/2014	1564,1565,1618,1740,1888,1997,2048,2107,2435,2530,2533,2587,2706,2707,2755,2815,2934,2998,3111,3266,3381,3906,3982,4018,4275,4344,4375,4426,4572,4749,4782
30/10/2015	1095,1341,1656,1700,1910,1939,2260,2639,2876,3952,4762
30/11/2014	1486,1574,1615,2003,2345,2467,2584,2726,2955,3390,3411,3505,3524,3901,4494,4532,4786,4797,4828,4890
30/11/2015	1088,1223,1504,1538,1565,1659,1804,2505,2765,2914,3066,3227,3304,3545,3677,4104,4482,4574,4964
30/12/2014	1023,1077,2107,2210,2785,2951,3038,3260,3737,3857,3864,3910,3965,4190,4269,4505,4803,4881,4959,4966
30/12/2015	1491,1509,1527,1769,1963,2140,2507,2790,2810,2970,2997,3191,3562,3579,3738,3971,4058,4565,4863
31/01/2014	1148,1297,1367,1554,1860,1905,2164,2303,2495,2732,2761,3015,3131,3184,3268,3456,3474,3583,3713,3769,4077,4375,4400,4443,4616,4715,4744,4924
31/01/2015	1123,1198,1273,1584,1593,1957,2229,2243,2272,2352,2356,2512,2566,2723,3111,3159,3193,3215,3332,3413,3500,3589,3646,3713,4427,4640,4838
31/03/2014	1387,1476,1572,2023,2293,2375,2524,2589,2656,2698,3056,3150,3494,4046,4091,4274,4539,4706,4769
31/03/2015	2171,2211,2584,2783,3046,3231,3289,3498,3582,3736,4212,4470,4555,4655,4678
31/05/2014	1316,1387,1452,1556,1716,1883,1948,1999,2025,2055,2059,2154,2293,2336,2445,2763,2990,3362,3466,3515,3612,3645,3930,3980,4124,4567,4674,4743,4985
31/05/2015	1039,1422,1583,1739,1853,2040,2247,2288,2441,2612,3029,3410,3897,4215,4782
31/07/2014	1061,1115,1390,1471,1687,1797,2040,2071,2174,2222,2423,2450,2559,2799,2944,2961,2973,3060,3300,3431,3505,3768,3790,3847,4014
31/07/2015	1010,1212,1233,1347,1364,1386,1800,1905,2433,2450,2516,2687,2756,2769,2937,3292,3651,3871,3938,4022,4187,4266,4646,4816
31/08/2014	1224,1913,2042,2679,3189,3283,3480,3852,3987,4124,4214,4316,4424,4434,4518,4526,4535,4667,4684,4725,4753
31/08/2015	1090,1239,1442,1909,1944,2023,2294,2356,2448,2960,3077,3451,3593,3996,4670
31/10/2014	1109,1168,1648,1991,2155,2309,2310,2738,2769,2942,2973,3240,3277,3437,3571,3590,3762,3840,4019,4021,4265,4389,4433,4450,4566,4681
31/10/2015	1502,1787,1981,2089,2439,2627,2827,2839,3122,4244,4322,4675,4773,4882,4934